blue               {
  reset=1820 type=julia
  corners=-0.00369188096/0.00369188096/-0.00276891072/0.00276891072
  params=0.32404736675288937/0.49006679154585353 float=y maxiter=32767
  inside=0 outside=imag logmap=119
  colors=00000G<23>00z<31>000<31>00z<31>000<31>00z<31>000<31>00z<30>000<6>\
  00E
  }

red                {
  reset=1820 type=julia
  corners=-0.00369188096/0.00369188096/-0.00276891072/0.00276891072
  params=0.32404736675288937/0.49006679154585353 float=y maxiter=32767
  inside=0 outside=real logmap=50
  colors=000K00<21>z00<31>000<31>z00<31>000<31>z00<31>000<31>z00<30>000<8>\
  I00
  }

green              {
  reset=1820 type=julia passes=b
  corners=-0.00369188096/0.00369188096/-0.00276891072/0.00276891072
  params=0.32404736675288937/0.49006679154585353 float=y maxiter=32767
  decomp=8 colors=000<7>0U0<7>000<238>000
  }

