shadowcircles      {; Dewey Odhner
  reset=1920 type=formula formulafile=dewey.frm formulaname=Dragonbat
  passes=2
  center-mag=+0.27641583779262500/+0.46244936087850660/2211.582
  params=0/0/0/0/0/0 float=y maxiter=9999 inside=0 logmap=97
  colors=000COt<62>wqtwqtwps<70>UCLTBKTBKTBK<60>kBCkCCjCD<51>OeW
  }
