  0   0   0
147   9 227
153   6 223
159   5 218
165   3 214
171   2 209
177   1 204
183   0 199
189   0 194
194   0 189
199   0 183
204   1 177
209   2 171
214   3 165
218   5 159
223   6 153
227   9 147
231  11 141
234  14 135
238  17 128
241  20 122
243  23 116
246  27 109
248  31 103
250  35  97
252  40  91
253  45  85
254  49  79
255  54  73
255  60  68
255  65  62
255  71  57
254  76  52
253  82  47
252  88  42
251  94  38
249 100  33
247 106  29
245 113  25
242 119  22
239 125  18
236 131  15
232 138  12
229 144  10
225 150   8
221 156   6
216 162   4
212 168   2
207 174   1
202 180   1
197 186   0
191 191   0
186 197   0
180 202   1
174 207   1
168 212   2
162 216   4
156 221   6
150 225   8
144 229  10
138 232  12
131 236  15
125 239  18
119 242  22
113 245  25
106 247  29
100 249  33
 94 251  38
 88 252  42
 82 253  47
 76 254  52
 71 255  57
 65 255  62
 60 255  68
 54 255  73
 49 254  79
 45 253  85
 40 252  91
 35 250  97
 31 248 103
 27 246 109
 23 243 116
 20 241 122
 17 238 128
 14 234 135
 11 231 141
  9 227 147
  6 223 153
  5 218 159
  3 214 165
  2 209 171
  1 204 177
  0 199 183
  0 194 189
  0 189 194
  0 183 199
  1 177 204
  2 171 209
  3 165 214
  5 159 218
  6 153 223
  9 147 227
 11 141 231
 14 135 234
 17 128 238
 20 122 241
 23 116 243
 27 109 246
 31 103 248
 35  97 250
 40  91 252
 45  85 253
 49  79 254
 54  73 255
 60  68 255
 65  62 255
 71  57 255
 76  52 254
 82  47 253
 88  42 252
 94  38 251
100  33 249
106  29 247
113  25 245
119  22 242
125  18 239
131  15 236
138  12 232
141  11 230
