013993b {; Anthony Hanmer 18/1/2007, Designed with BRAZIL
0.0000000 -0.5000000 -0.5000000 0.0000000 -0.5000000 2.0000000 0.1500242
-0.5000000 0.5000000 -0.5000000 0.0000000 -2.5000000 8.0000000 0.1500242
0.0000000 -0.3715724 0.6728164 0.0064108 5.6284276 6.9073090 0.1500242
0.4999245 -0.4999245 0.4999245 0.4999245 2.4996225 2.4994715 0.27496375
0.4999245 0.4999245 -0.4999245 0.4999245 -2.5005285 2.5003775 0.27496375
}

013994b {; Anthony Hanmer 18/1/2007, Designed with BRAZIL
0.0000000 -0.5000000 -0.5000000 0.0000000 -0.5000000 2.0000000 0.1500242
-0.5000000 0.5000000 -0.5000000 0.0000000 -2.5000000 8.0000000 0.1500242
0.0000000 -0.3715724 0.6728164 -0.0082518 -1.8955724 6.9406464 0.1500242
0.4999245 -0.4999245 0.4999245 0.4999245 2.4996225 2.4994715 0.27496375
0.4999245 0.4999245 -0.4999245 0.4999245 -2.5005285 2.5003775 0.27496375
}

013995b {; Anthony Hanmer 18/1/2007, Designed with BRAZIL
0.0000000 -0.5000000 -0.5000000 0.0000000 -0.5000000 2.0000000 0.1500242
-0.5000000 0.5000000 -0.5000000 0.0000000 -2.5000000 8.0000000 0.1500242
0.0000000 0.3715724 0.6728164 -0.0064108 1.9315724 6.9544874 0.1500242
0.4999245 -0.4999245 0.4999245 0.4999245 2.4996225 2.4994715 0.27496375
0.4999245 0.4999245 -0.4999245 0.4999245 -2.5005285 2.5003775 0.27496375
}

013996b {; Anthony Hanmer 18/1/2007, Designed with BRAZIL
0.0000000 -0.5000000 -0.5000000 0.0000000 -0.5000000 2.0000000 0.1500242
-0.5000000 0.5000000 -0.5000000 0.0000000 -2.5000000 8.0000000 0.1500242
0.0000000 0.3715724 0.6728164 0.0082518 1.9195724 3.0451499 0.1500242
0.4999245 -0.4999245 0.4999245 0.4999245 2.4996225 2.4994715 0.27496375
0.4999245 0.4999245 -0.4999245 0.4999245 -2.5005285 2.5003775 0.27496375
}

013997b {; Anthony Hanmer 18/1/2007, Designed with BRAZIL
0.0000000 -0.5000000 -0.5000000 0.0000000 -0.5000000 2.0000000 0.1500242
-0.5000000 0.5000000 -0.5000000 0.0000000 -2.5000000 8.0000000 0.1500242
0.0000000 0.3715724 0.6728164 0.0082518 -5.6284276 3.0451499 0.1500242
0.4999245 -0.4999245 0.4999245 0.4999245 2.4996225 2.4994715 0.27496375
0.4999245 0.4999245 -0.4999245 0.4999245 -2.5005285 2.5003775 0.27496375
}

013998b {; Anthony Hanmer 18/1/2007, Designed with BRAZIL
0.0000000 -0.5000000 -0.5000000 0.0000000 -0.5000000 2.0000000 0.1500242
-0.5000000 0.5000000 -0.5000000 0.0000000 -2.5000000 8.0000000 0.1500242
0.0000000 0.3715724 -0.6728164 0.0082518 -5.6284276 3.0353536 0.1500242
0.4999245 -0.4999245 0.4999245 0.4999245 2.4996225 2.4994715 0.27496375
0.4999245 0.4999245 -0.4999245 0.4999245 -2.5005285 2.5003775 0.27496375
}

013999b {; Anthony Hanmer 18/1/2007, Designed with BRAZIL
0.0000000 -0.5000000 -0.5000000 0.0000000 -0.5000000 2.0000000 0.1500242
-0.5000000 0.5000000 -0.5000000 0.0000000 -2.5000000 8.0000000 0.1500242
0.0000000 0.3715724 -0.6728164 0.0082518 1.9195724 3.0353536 0.1500242
0.4999245 -0.4999245 0.4999245 0.4999245 2.4996225 2.4994715 0.27496375
0.4999245 0.4999245 -0.4999245 0.4999245 -2.5005285 2.5003775 0.27496375
}

014000b {; Anthony Hanmer 18/1/2007, Designed with BRAZIL
0.0000000 0.5000000 -0.5000000 0.0000000 -5.5000000 8.0000000 0.1500242
-0.5000000 0.5000000 -0.5000000 0.0000000 -2.5000000 8.0000000 0.1500242
0.6728164 0.0064108 0.0000000 0.3715724 -1.9566910 -0.6284276 0.1500242
0.4999245 -0.4999245 0.4999245 0.4999245 2.4996225 2.4994715 0.27496375
0.4999245 0.4999245 -0.4999245 0.4999245 -2.5005285 2.5003775 0.27496375
}

014001b {; Anthony Hanmer 18/1/2007, Designed with BRAZIL
0.0000000 0.5000000 -0.5000000 0.0000000 -5.5000000 8.0000000 0.1500242
-0.5000000 0.5000000 -0.5000000 0.0000000 -2.5000000 8.0000000 0.1500242
0.5000000 -0.5000000 0.0000000 -0.5000000 2.5000000 4.5000000 0.1500242
0.4999245 -0.4999245 0.4999245 0.4999245 2.4996225 2.4994715 0.27496375
0.4999245 0.4999245 -0.4999245 0.4999245 -2.5005285 2.5003775 0.27496375
}

014002b {; Anthony Hanmer 18/1/2007, Designed with BRAZIL
0.0000000 0.5000000 -0.5000000 0.0000000 -5.5000000 8.0000000 0.1500242
-0.5000000 0.5000000 -0.5000000 0.0000000 -2.5000000 8.0000000 0.1500242
0.5000000 0.5000000 0.0000000 -0.5000000 -2.5000000 4.5000000 0.1500242
0.4999245 -0.4999245 0.4999245 0.4999245 2.4996225 2.4994715 0.27496375
0.4999245 0.4999245 -0.4999245 0.4999245 -2.5005285 2.5003775 0.27496375
}

014003b {; Anthony Hanmer 18/1/2007, Designed with BRAZIL
0.0000000 0.5000000 -0.5000000 0.0000000 -5.5000000 8.0000000 0.1500242
-0.5000000 0.5000000 -0.5000000 0.0000000 -2.5000000 8.0000000 0.1500242
0.5000000 0.5000000 0.5000000 0.0000000 -2.5000000 2.0000000 0.1500242
0.4999245 -0.4999245 0.4999245 0.4999245 2.4996225 2.4994715 0.27496375
0.4999245 0.4999245 -0.4999245 0.4999245 -2.5005285 2.5003775 0.27496375
}

014004b {; Anthony Hanmer 18/1/2007, Designed with BRAZIL
0.0000000 0.5000000 -0.5000000 0.0000000 -5.5000000 8.0000000 0.1500242
-0.5000000 0.5000000 -0.5000000 0.0000000 -2.5000000 8.0000000 0.1500242
0.5000000 0.0000000 0.5000000 -0.5000000 -3.0000000 7.5000000 0.1500242
0.4999245 -0.4999245 0.4999245 0.4999245 2.4996225 2.4994715 0.27496375
0.4999245 0.4999245 -0.4999245 0.4999245 -2.5005285 2.5003775 0.27496375
}

014005b {; Anthony Hanmer 18/1/2007, Designed with BRAZIL
0.0000000 0.5000000 -0.5000000 0.0000000 -5.5000000 8.0000000 0.1500242
-0.5000000 0.5000000 -0.5000000 0.0000000 -2.5000000 8.0000000 0.1500242
0.5000000 0.0000000 -0.5000000 -0.5000000 -3.0000000 7.5000000 0.1500242
0.4999245 -0.4999245 0.4999245 0.4999245 2.4996225 2.4994715 0.27496375
0.4999245 0.4999245 -0.4999245 0.4999245 -2.5005285 2.5003775 0.27496375
}

014006b {; Anthony Hanmer 18/1/2007, Designed with BRAZIL
0.0000000 0.5000000 -0.5000000 0.0000000 -5.5000000 8.0000000 0.1500242
-0.5000000 0.5000000 -0.5000000 0.0000000 -2.5000000 8.0000000 0.1500242
0.5000000 0.0000000 -0.5000000 -0.5000000 3.0000000 7.5000000 0.1500242
0.4999245 -0.4999245 0.4999245 0.4999245 2.4996225 2.4994715 0.27496375
0.4999245 0.4999245 -0.4999245 0.4999245 -2.5005285 2.5003775 0.27496375
}

014007b {; Anthony Hanmer 18/1/2007, Designed with BRAZIL
0.0000000 0.5000000 -0.5000000 0.0000000 -5.5000000 8.0000000 0.1500242
-0.5000000 0.5000000 -0.5000000 0.0000000 -2.5000000 8.0000000 0.1500242
0.5000000 -0.5000000 -0.5000000 0.0000000 2.5000000 8.0000000 0.1500242
0.4999245 -0.4999245 0.4999245 0.4999245 2.4996225 2.4994715 0.27496375
0.4999245 0.4999245 -0.4999245 0.4999245 -2.5005285 2.5003775 0.27496375
}

014008b {; Anthony Hanmer 18/1/2007, Designed with BRAZIL
0.0000000 0.5000000 -0.5000000 0.0000000 -5.5000000 8.0000000 0.1500242
-0.5000000 0.5000000 -0.5000000 0.0000000 -2.5000000 8.0000000 0.1500242
0.5000000 -0.5000000 -0.5000000 0.0000000 2.5000000 2.0000000 0.1500242
0.4999245 -0.4999245 0.4999245 0.4999245 2.4996225 2.4994715 0.27496375
0.4999245 0.4999245 -0.4999245 0.4999245 -2.5005285 2.5003775 0.27496375
}

014009b {; Anthony Hanmer 18/1/2007, Designed with BRAZIL
0.0000000 0.5000000 -0.5000000 0.0000000 -5.5000000 8.0000000 0.1500242
-0.5000000 0.5000000 -0.5000000 0.0000000 -2.5000000 8.0000000 0.1500242
-0.5000000 -0.5000000 0.0000000 -0.5000000 2.5000000 4.5000000 0.1500242
0.4999245 -0.4999245 0.4999245 0.4999245 2.4996225 2.4994715 0.27496375
0.4999245 0.4999245 -0.4999245 0.4999245 -2.5005285 2.5003775 0.27496375
}

014010b {; Anthony Hanmer 18/1/2007, Designed with BRAZIL
0.0000000 0.5000000 -0.5000000 0.0000000 -5.5000000 8.0000000 0.1500242
-0.5000000 0.5000000 -0.5000000 0.0000000 -2.5000000 8.0000000 0.1500242
-0.5000000 -0.5000000 0.0000000 -0.5000000 2.5000000 10.5000000 0.1500242
0.4999245 -0.4999245 0.4999245 0.4999245 2.4996225 2.4994715 0.27496375
0.4999245 0.4999245 -0.4999245 0.4999245 -2.5005285 2.5003775 0.27496375
}

014011b {; Anthony Hanmer 18/1/2007, Designed with BRAZIL
0.0000000 0.5000000 -0.5000000 0.0000000 -5.5000000 8.0000000 0.1500242
-0.5000000 0.5000000 -0.5000000 0.0000000 -2.5000000 8.0000000 0.1500242
-0.5000000 0.5000000 0.0000000 0.5000000 -2.5000000 5.5000000 0.1500242
0.4999245 -0.4999245 0.4999245 0.4999245 2.4996225 2.4994715 0.27496375
0.4999245 0.4999245 -0.4999245 0.4999245 -2.5005285 2.5003775 0.27496375
}

014012b {; Anthony Hanmer 18/1/2007, Designed with BRAZIL
0.0000000 0.5000000 -0.5000000 0.0000000 -5.5000000 8.0000000 0.1500242
-0.5000000 0.5000000 -0.5000000 0.0000000 -2.5000000 8.0000000 0.1500242
-0.5000000 0.5000000 0.0000000 0.5000000 -2.5000000 -0.5000000 0.1500242
0.4999245 -0.4999245 0.4999245 0.4999245 2.4996225 2.4994715 0.27496375
0.4999245 0.4999245 -0.4999245 0.4999245 -2.5005285 2.5003775 0.27496375
}

014013b {; Anthony Hanmer 18/1/2007, Designed with BRAZIL
0.0000000 0.5000000 -0.5000000 0.0000000 -5.5000000 8.0000000 0.1500242
-0.5000000 0.5000000 -0.5000000 0.0000000 -2.5000000 8.0000000 0.1500242
0.5000000 0.5000000 0.0000000 0.5000000 -2.5000000 -0.5000000 0.1500242
0.4999245 -0.4999245 0.4999245 0.4999245 2.4996225 2.4994715 0.27496375
0.4999245 0.4999245 -0.4999245 0.4999245 -2.5005285 2.5003775 0.27496375
}

014014b {; Anthony Hanmer 18/1/2007, Designed with BRAZIL
0.0000000 0.5000000 -0.5000000 0.0000000 -5.5000000 8.0000000 0.1500242
-0.5000000 0.5000000 -0.5000000 0.0000000 -2.5000000 8.0000000 0.1500242
0.5000000 0.5000000 0.0000000 0.5000000 -2.5000000 5.5000000 0.1500242
0.4999245 -0.4999245 0.4999245 0.4999245 2.4996225 2.4994715 0.27496375
0.4999245 0.4999245 -0.4999245 0.4999245 -2.5005285 2.5003775 0.27496375
}

014015b {; Anthony Hanmer 18/1/2007, Designed with BRAZIL
0.0000000 0.5000000 -0.5000000 0.0000000 -5.5000000 8.0000000 0.1500242
-0.5000000 0.5000000 -0.5000000 0.0000000 -2.5000000 8.0000000 0.1500242
0.0000000 -0.5000000 -0.5000000 0.5000000 -0.5000000 2.5000000 0.1500242
0.4999245 -0.4999245 0.4999245 0.4999245 2.4996225 2.4994715 0.27496375
0.4999245 0.4999245 -0.4999245 0.4999245 -2.5005285 2.5003775 0.27496375
}

014016b {; Anthony Hanmer 18/1/2007, Designed with BRAZIL
0.0000000 0.5000000 -0.5000000 0.0000000 -5.5000000 8.0000000 0.1500242
-0.5000000 0.5000000 -0.5000000 0.0000000 -2.5000000 8.0000000 0.1500242
0.0000000 -0.5000000 -0.5000000 0.5000000 5.5000000 2.5000000 0.1500242
0.4999245 -0.4999245 0.4999245 0.4999245 2.4996225 2.4994715 0.27496375
0.4999245 0.4999245 -0.4999245 0.4999245 -2.5005285 2.5003775 0.27496375
}

014017b {; Anthony Hanmer 18/1/2007, Designed with BRAZIL
0.0000000 0.5000000 -0.5000000 0.0000000 -5.5000000 8.0000000 0.1500242
-0.5000000 0.5000000 -0.5000000 0.0000000 -2.5000000 8.0000000 0.1500242
0.0000000 -0.5000000 0.5000000 0.5000000 5.5000000 2.5000000 0.1500242
0.4999245 -0.4999245 0.4999245 0.4999245 2.4996225 2.4994715 0.27496375
0.4999245 0.4999245 -0.4999245 0.4999245 -2.5005285 2.5003775 0.27496375
}

014018b {; Anthony Hanmer 18/1/2007, Designed with BRAZIL
0.0000000 0.5000000 -0.5000000 0.0000000 -5.5000000 8.0000000 0.1500242
-0.5000000 0.5000000 -0.5000000 0.0000000 -2.5000000 8.0000000 0.1500242
0.0000000 -0.5000000 0.5000000 0.5000000 -0.5000000 2.5000000 0.1500242
0.4999245 -0.4999245 0.4999245 0.4999245 2.4996225 2.4994715 0.27496375
0.4999245 0.4999245 -0.4999245 0.4999245 -2.5005285 2.5003775 0.27496375
}

014019b {; Anthony Hanmer 18/1/2007, Designed with BRAZIL
0.0000000 0.5000000 -0.5000000 0.0000000 -5.5000000 8.0000000 0.1500242
-0.5000000 0.5000000 -0.5000000 0.0000000 -2.5000000 8.0000000 0.1500242
0.0000000 0.5000000 0.5000000 -0.5000000 0.5000000 7.5000000 0.1500242
0.4999245 -0.4999245 0.4999245 0.4999245 2.4996225 2.4994715 0.27496375
0.4999245 0.4999245 -0.4999245 0.4999245 -2.5005285 2.5003775 0.27496375
}

014020b {; Anthony Hanmer 18/1/2007, Designed with BRAZIL
0.0000000 0.5000000 -0.5000000 0.0000000 -5.5000000 8.0000000 0.1500242
-0.5000000 0.5000000 -0.5000000 0.0000000 -2.5000000 8.0000000 0.1500242
0.0000000 0.5000000 0.5000000 -0.5000000 -5.5000000 7.5000000 0.1500242
0.4999245 -0.4999245 0.4999245 0.4999245 2.4996225 2.4994715 0.27496375
0.4999245 0.4999245 -0.4999245 0.4999245 -2.5005285 2.5003775 0.27496375
}

014021b {; Anthony Hanmer 18/1/2007, Designed with BRAZIL
0.0000000 0.5000000 -0.5000000 0.0000000 -5.5000000 8.0000000 0.1500242
-0.5000000 0.5000000 -0.5000000 0.0000000 -2.5000000 8.0000000 0.1500242
0.0000000 0.5000000 -0.5000000 -0.5000000 -5.5000000 7.5000000 0.1500242
0.4999245 -0.4999245 0.4999245 0.4999245 2.4996225 2.4994715 0.27496375
0.4999245 0.4999245 -0.4999245 0.4999245 -2.5005285 2.5003775 0.27496375
}

014022b {; Anthony Hanmer 18/1/2007, Designed with BRAZIL
0.0000000 0.5000000 -0.5000000 0.0000000 -5.5000000 8.0000000 0.1500242
-0.5000000 0.5000000 -0.5000000 0.0000000 -2.5000000 8.0000000 0.1500242
0.0000000 0.5000000 -0.5000000 -0.5000000 0.5000000 7.5000000 0.1500242
0.4999245 -0.4999245 0.4999245 0.4999245 2.4996225 2.4994715 0.27496375
0.4999245 0.4999245 -0.4999245 0.4999245 -2.5005285 2.5003775 0.27496375
}

014023b {; Anthony Hanmer 18/1/2007, Designed with BRAZIL
0.0000000 0.5000000 -0.5000000 0.0000000 -5.5000000 8.0000000 0.1500242
-0.5000000 0.5000000 -0.5000000 0.0000000 -2.5000000 8.0000000 0.1500242
-0.5000000 0.5000000 0.0000000 0.5000000 -2.5000000 5.5000000 0.1500242
0.4999245 -0.4999245 0.4999245 0.4999245 2.4996225 2.4994715 0.27496375
0.4999245 0.4999245 -0.4999245 0.4999245 -2.5005285 2.5003775 0.27496375
}

014024b {; Anthony Hanmer 18/1/2007, Designed with BRAZIL
0.0000000 0.5000000 -0.5000000 0.0000000 -5.5000000 8.0000000 0.1500242
-0.5000000 0.5000000 -0.5000000 0.0000000 -2.5000000 8.0000000 0.1500242
-0.5000000 -0.5000000 0.5000000 0.0000000 2.5000000 8.0000000 0.1500242
0.4999245 -0.4999245 0.4999245 0.4999245 2.4996225 2.4994715 0.27496375
0.4999245 0.4999245 -0.4999245 0.4999245 -2.5005285 2.5003775 0.27496375
}

014025b {; Anthony Hanmer 18/1/2007, Designed with BRAZIL
0.0000000 0.5000000 -0.5000000 0.0000000 -5.5000000 8.0000000 0.1500242
-0.5000000 0.5000000 -0.5000000 0.0000000 -2.5000000 8.0000000 0.1500242
-0.5000000 -0.5000000 0.5000000 0.0000000 2.5000000 2.0000000 0.1500242
0.4999245 -0.4999245 0.4999245 0.4999245 2.4996225 2.4994715 0.27496375
0.4999245 0.4999245 -0.4999245 0.4999245 -2.5005285 2.5003775 0.27496375
}

014026b {; Anthony Hanmer 18/1/2007, Designed with BRAZIL
0.0000000 0.5000000 -0.5000000 0.0000000 -5.5000000 8.0000000 0.1500242
-0.5000000 0.5000000 -0.5000000 0.0000000 -2.5000000 8.0000000 0.1500242
-0.6728164 0.0064108 0.0000000 0.3715724 -1.9304874 -0.6284276 0.1500242
0.4999245 -0.4999245 0.4999245 0.4999245 2.4996225 2.4994715 0.27496375
0.4999245 0.4999245 -0.4999245 0.4999245 -2.5005285 2.5003775 0.27496375
}

014027b {; Anthony Hanmer 18/1/2007, Designed with BRAZIL
0.0000000 0.5000000 -0.5000000 0.0000000 -5.5000000 8.0000000 0.1500242
-0.5000000 0.5000000 -0.5000000 0.0000000 -2.5000000 8.0000000 0.1500242
0.5000000 -0.5000000 -0.5000000 0.0000000 2.5000000 8.0000000 0.1500242
0.4999245 -0.4999245 0.4999245 0.4999245 2.4996225 2.4994715 0.27496375
0.4999245 0.4999245 -0.4999245 0.4999245 -2.5005285 2.5003775 0.27496375
}

014028b {; Anthony Hanmer 18/1/2007, Designed with BRAZIL
0.0000000 0.5000000 -0.5000000 0.0000000 -5.5000000 8.0000000 0.1500242
-0.5000000 0.5000000 -0.5000000 0.0000000 -2.5000000 8.0000000 0.1500242
0.5000000 0.5000000 -0.5000000 0.0000000 -2.5000000 8.0000000 0.1500242
0.4999245 -0.4999245 0.4999245 0.4999245 2.4996225 2.4994715 0.27496375
0.4999245 0.4999245 -0.4999245 0.4999245 -2.5005285 2.5003775 0.27496375
}

014029b {; Anthony Hanmer 18/1/2007, Designed with BRAZIL
0.0000000 0.5000000 -0.5000000 0.0000000 -5.5000000 8.0000000 0.1500242
-0.5000000 0.5000000 -0.5000000 0.0000000 -2.5000000 8.0000000 0.1500242
0.5000000 0.5000000 -0.5000000 0.0000000 -2.5000000 2.0000000 0.1500242
0.4999245 -0.4999245 0.4999245 0.4999245 2.4996225 2.4994715 0.27496375
0.4999245 0.4999245 -0.4999245 0.4999245 -2.5005285 2.5003775 0.27496375
}

014030b {; Anthony Hanmer 18/1/2007, Designed with BRAZIL
0.0000000 0.5000000 -0.5000000 0.0000000 -5.5000000 8.0000000 0.1500242
-0.5000000 0.5000000 -0.5000000 0.0000000 -2.5000000 8.0000000 0.1500242
-0.5000000 0.5000000 0.5000000 0.0000000 -2.5000000 8.0000000 0.1500242
0.4999245 -0.4999245 0.4999245 0.4999245 2.4996225 2.4994715 0.27496375
0.4999245 0.4999245 -0.4999245 0.4999245 -2.5005285 2.5003775 0.27496375
}

014031b {; Anthony Hanmer 18/1/2007, Designed with BRAZIL
0.0000000 0.5000000 -0.5000000 0.0000000 -5.5000000 8.0000000 0.1500242
-0.5000000 0.5000000 -0.5000000 0.0000000 -2.5000000 8.0000000 0.1500242
-0.5000000 0.5000000 0.5000000 0.0000000 -2.5000000 2.0000000 0.1500242
0.4999245 -0.4999245 0.4999245 0.4999245 2.4996225 2.4994715 0.27496375
0.4999245 0.4999245 -0.4999245 0.4999245 -2.5005285 2.5003775 0.27496375
}

014032b {; Anthony Hanmer 18/1/2007, Designed with BRAZIL
0.0000000 0.5000000 -0.5000000 0.0000000 -5.5000000 8.0000000 0.1500242
-0.5000000 0.5000000 -0.5000000 0.0000000 -2.5000000 8.0000000 0.1500242
-0.5000000 0.0000000 -0.5000000 -0.5000000 3.0000000 7.5000000 0.1500242
0.4999245 -0.4999245 0.4999245 0.4999245 2.4996225 2.4994715 0.27496375
0.4999245 0.4999245 -0.4999245 0.4999245 -2.5005285 2.5003775 0.27496375
}

014033b {; Anthony Hanmer 18/1/2007, Designed with BRAZIL
0.0000000 0.5000000 -0.5000000 0.0000000 -5.5000000 8.0000000 0.1500242
-0.5000000 0.5000000 -0.5000000 0.0000000 -2.5000000 8.0000000 0.1500242
-0.5000000 0.0000000 -0.5000000 -0.5000000 -3.0000000 7.5000000 0.1500242
0.4999245 -0.4999245 0.4999245 0.4999245 2.4996225 2.4994715 0.27496375
0.4999245 0.4999245 -0.4999245 0.4999245 -2.5005285 2.5003775 0.27496375
}

014034b {; Anthony Hanmer 18/1/2007, Designed with BRAZIL
0.0000000 0.5000000 -0.5000000 0.0000000 -5.5000000 8.0000000 0.1500242
-0.5000000 0.5000000 -0.5000000 0.0000000 -2.5000000 8.0000000 0.1500242
0.5000000 0.0000000 0.5000000 -0.5000000 3.0000000 7.5000000 0.1500242
0.4999245 -0.4999245 0.4999245 0.4999245 2.4996225 2.4994715 0.27496375
0.4999245 0.4999245 -0.4999245 0.4999245 -2.5005285 2.5003775 0.27496375
}

014035b {; Anthony Hanmer 18/1/2007, Designed with BRAZIL
0.0000000 0.5000000 -0.5000000 0.0000000 -5.5000000 8.0000000 0.1500242
-0.5000000 0.5000000 -0.5000000 0.0000000 -2.5000000 8.0000000 0.1500242
0.5000000 0.0000000 0.5000000 -0.5000000 -3.0000000 7.5000000 0.1500242
0.4999245 -0.4999245 0.4999245 0.4999245 2.4996225 2.4994715 0.27496375
0.4999245 0.4999245 -0.4999245 0.4999245 -2.5005285 2.5003775 0.27496375
}

014036b {; Anthony Hanmer 18/1/2007, Designed with BRAZIL
0.0000000 0.5000000 -0.5000000 0.0000000 -5.5000000 8.0000000 0.1500242
-0.5000000 0.5000000 -0.5000000 0.0000000 -2.5000000 8.0000000 0.1500242
0.5000000 0.0000000 0.5000000 0.5000000 -3.0000000 2.5000000 0.1500242
0.4999245 -0.4999245 0.4999245 0.4999245 2.4996225 2.4994715 0.27496375
0.4999245 0.4999245 -0.4999245 0.4999245 -2.5005285 2.5003775 0.27496375
}

014037b {; Anthony Hanmer 18/1/2007, Designed with BRAZIL
0.0000000 0.5000000 -0.5000000 0.0000000 -5.5000000 8.0000000 0.1500242
-0.5000000 0.5000000 -0.5000000 0.0000000 -2.5000000 8.0000000 0.1500242
0.5000000 0.0000000 0.5000000 0.5000000 3.0000000 2.5000000 0.1500242
0.4999245 -0.4999245 0.4999245 0.4999245 2.4996225 2.4994715 0.27496375
0.4999245 0.4999245 -0.4999245 0.4999245 -2.5005285 2.5003775 0.27496375
}

014038b {; Anthony Hanmer 18/1/2007, Designed with BRAZIL
0.0000000 0.5000000 -0.5000000 0.0000000 -5.5000000 8.0000000 0.1500242
-0.5000000 0.5000000 -0.5000000 0.0000000 -2.5000000 8.0000000 0.1500242
-0.5000000 0.0000000 -0.5000000 0.5000000 -3.0000000 2.5000000 0.1500242
0.4999245 -0.4999245 0.4999245 0.4999245 2.4996225 2.4994715 0.27496375
0.4999245 0.4999245 -0.4999245 0.4999245 -2.5005285 2.5003775 0.27496375
}

014039b {; Anthony Hanmer 18/1/2007, Designed with BRAZIL
0.0000000 0.5000000 -0.5000000 0.0000000 -5.5000000 8.0000000 0.1500242
-0.5000000 0.5000000 -0.5000000 0.0000000 -2.5000000 8.0000000 0.1500242
-0.5000000 0.0000000 -0.5000000 0.5000000 3.0000000 2.5000000 0.1500242
0.4999245 -0.4999245 0.4999245 0.4999245 2.4996225 2.4994715 0.27496375
0.4999245 0.4999245 -0.4999245 0.4999245 -2.5005285 2.5003775 0.27496375
}

014040b {; Anthony Hanmer 18/1/2007, Designed with BRAZIL
0.0000000 0.5000000 -0.5000000 0.0000000 -5.5000000 8.0000000 0.1500242
-0.5000000 0.5000000 -0.5000000 0.0000000 -2.5000000 8.0000000 0.1500242
0.0000000 0.3715724 -0.6728164 0.0082518 -5.6284276 3.0353536 0.1500242
0.4999245 -0.4999245 0.4999245 0.4999245 2.4996225 2.4994715 0.27496375
0.4999245 0.4999245 -0.4999245 0.4999245 -2.5005285 2.5003775 0.27496375
}

014041b {; Anthony Hanmer 18/1/2007, Designed with BRAZIL
0.0000000 0.5000000 -0.5000000 0.0000000 -5.5000000 8.0000000 0.1500242
-0.5000000 0.5000000 -0.5000000 0.0000000 -2.5000000 8.0000000 0.1500242
-0.5000000 0.0000000 0.5000000 -0.5000000 -3.0000000 7.5000000 0.1500242
0.4999245 -0.4999245 0.4999245 0.4999245 2.4996225 2.4994715 0.27496375
0.4999245 0.4999245 -0.4999245 0.4999245 -2.5005285 2.5003775 0.27496375
}

014042b {; Anthony Hanmer 18/1/2007, Designed with BRAZIL
0.0000000 0.5000000 -0.5000000 0.0000000 -5.5000000 8.0000000 0.1500242
-0.5000000 0.5000000 -0.5000000 0.0000000 -2.5000000 8.0000000 0.1500242
-0.5000000 0.0000000 0.5000000 -0.5000000 3.0000000 7.5000000 0.1500242
0.4999245 -0.4999245 0.4999245 0.4999245 2.4996225 2.4994715 0.27496375
0.4999245 0.4999245 -0.4999245 0.4999245 -2.5005285 2.5003775 0.27496375
}

014043b {; Anthony Hanmer 18/1/2007, Designed with BRAZIL
0.0000000 0.5000000 -0.5000000 0.0000000 -5.5000000 8.0000000 0.1500242
-0.5000000 0.5000000 -0.5000000 0.0000000 -2.5000000 8.0000000 0.1500242
0.5000000 0.0000000 -0.5000000 -0.5000000 3.0000000 7.5000000 0.1500242
0.4999245 -0.4999245 0.4999245 0.4999245 2.4996225 2.4994715 0.27496375
0.4999245 0.4999245 -0.4999245 0.4999245 -2.5005285 2.5003775 0.27496375
}

014044b {; Anthony Hanmer 18/1/2007, Designed with BRAZIL
0.0000000 0.5000000 -0.5000000 0.0000000 -5.5000000 8.0000000 0.1500242
-0.5000000 0.5000000 -0.5000000 0.0000000 -2.5000000 8.0000000 0.1500242
0.5000000 0.0000000 -0.5000000 0.5000000 -3.0000000 2.5000000 0.1500242
0.4999245 -0.4999245 0.4999245 0.4999245 2.4996225 2.4994715 0.27496375
0.4999245 0.4999245 -0.4999245 0.4999245 -2.5005285 2.5003775 0.27496375
}

014045b {; Anthony Hanmer 18/1/2007, Designed with BRAZIL
0.0000000 0.5000000 -0.5000000 0.0000000 -5.5000000 8.0000000 0.1500242
-0.5000000 0.5000000 -0.5000000 0.0000000 -2.5000000 8.0000000 0.1500242
0.5000000 0.0000000 -0.5000000 0.5000000 3.0000000 2.5000000 0.1500242
0.4999245 -0.4999245 0.4999245 0.4999245 2.4996225 2.4994715 0.27496375
0.4999245 0.4999245 -0.4999245 0.4999245 -2.5005285 2.5003775 0.27496375
}

014046b {; Anthony Hanmer 18/1/2007, Designed with BRAZIL
0.0000000 0.5000000 -0.5000000 0.0000000 -5.5000000 8.0000000 0.1500242
-0.5000000 0.5000000 -0.5000000 0.0000000 -2.5000000 8.0000000 0.1500242
-0.5000000 0.0000000 0.5000000 0.5000000 -3.0000000 2.5000000 0.1500242
0.4999245 -0.4999245 0.4999245 0.4999245 2.4996225 2.4994715 0.27496375
0.4999245 0.4999245 -0.4999245 0.4999245 -2.5005285 2.5003775 0.27496375
}

014047b {; Anthony Hanmer 18/1/2007, Designed with BRAZIL
0.0000000 0.5000000 -0.5000000 0.0000000 -5.5000000 8.0000000 0.1500242
-0.5000000 0.5000000 -0.5000000 0.0000000 -2.5000000 8.0000000 0.1500242
-0.5000000 0.0000000 0.5000000 0.5000000 3.0000000 2.5000000 0.1500242
0.4999245 -0.4999245 0.4999245 0.4999245 2.4996225 2.4994715 0.27496375
0.4999245 0.4999245 -0.4999245 0.4999245 -2.5005285 2.5003775 0.27496375
}

014048b {; Anthony Hanmer 18/1/2007, Designed with BRAZIL
0.0000000 0.5000000 -0.5000000 0.0000000 -5.5000000 8.0000000 0.1500242
-0.5000000 0.5000000 -0.5000000 0.0000000 -2.5000000 8.0000000 0.1500242
-0.5000000 -0.5000000 -0.5000000 0.0000000 2.5000000 2.0000000 0.1500242
0.4999245 -0.4999245 0.4999245 0.4999245 2.4996225 2.4994715 0.27496375
0.4999245 0.4999245 -0.4999245 0.4999245 -2.5005285 2.5003775 0.27496375
}

014049b {; Anthony Hanmer 18/1/2007, Designed with BRAZIL
0.0000000 0.5000000 -0.5000000 0.0000000 -5.5000000 8.0000000 0.1500242
-0.5000000 0.5000000 -0.5000000 0.0000000 -2.5000000 8.0000000 0.1500242
-0.5000000 0.5000000 -0.5000000 0.0000000 -2.5000000 8.0000000 0.1500242
0.4999245 -0.4999245 0.4999245 0.4999245 2.4996225 2.4994715 0.27496375
0.4999245 0.4999245 -0.4999245 0.4999245 -2.5005285 2.5003775 0.27496375
}

014050b {; Anthony Hanmer 18/1/2007, Designed with BRAZIL
0.0000000 0.5000000 -0.5000000 0.0000000 -5.5000000 8.0000000 0.1500242
-0.5000000 0.5000000 -0.5000000 0.0000000 -2.5000000 8.0000000 0.1500242
0.5000000 0.5000000 0.5000000 0.0000000 -2.5000000 8.0000000 0.1500242
0.4999245 -0.4999245 0.4999245 0.4999245 2.4996225 2.4994715 0.27496375
0.4999245 0.4999245 -0.4999245 0.4999245 -2.5005285 2.5003775 0.27496375
}

014051b {; Anthony Hanmer 18/1/2007, Designed with BRAZIL
0.0000000 0.5000000 -0.5000000 0.0000000 -5.5000000 8.0000000 0.1500242
-0.5000000 0.5000000 -0.5000000 0.0000000 -2.5000000 8.0000000 0.1500242
0.5000000 -0.5000000 0.5000000 0.0000000 2.5000000 2.0000000 0.1500242
0.4999245 -0.4999245 0.4999245 0.4999245 2.4996225 2.4994715 0.27496375
0.4999245 0.4999245 -0.4999245 0.4999245 -2.5005285 2.5003775 0.27496375
}

014052b {; Anthony Hanmer 18/1/2007, Designed with BRAZIL
0.0000000 0.5000000 -0.5000000 0.0000000 -5.5000000 8.0000000 0.1500242
-0.5000000 0.5000000 -0.5000000 0.0000000 -2.5000000 8.0000000 0.1500242
-0.5000000 0.0000000 0.0000000 -0.5000000 -3.0000000 4.5000000 0.1500242
0.4999245 -0.4999245 0.4999245 0.4999245 2.4996225 2.4994715 0.27496375
0.4999245 0.4999245 -0.4999245 0.4999245 -2.5005285 2.5003775 0.27496375
}

014053b {; Anthony Hanmer 18/1/2007, Designed with BRAZIL
0.0000000 0.5000000 -0.5000000 0.0000000 -5.5000000 8.0000000 0.1500242
-0.5000000 0.5000000 -0.5000000 0.0000000 -2.5000000 8.0000000 0.1500242
-0.5000000 0.0000000 0.0000000 -0.5000000 3.0000000 4.5000000 0.1500242
0.4999245 -0.4999245 0.4999245 0.4999245 2.4996225 2.4994715 0.27496375
0.4999245 0.4999245 -0.4999245 0.4999245 -2.5005285 2.5003775 0.27496375
}

014054b {; Anthony Hanmer 18/1/2007, Designed with BRAZIL
0.0000000 0.5000000 -0.5000000 0.0000000 -5.5000000 8.0000000 0.1500242
-0.5000000 0.5000000 -0.5000000 0.0000000 -2.5000000 8.0000000 0.1500242
-0.5000000 0.0000000 0.0000000 -0.5000000 3.0000000 10.5000000 0.1500242
0.4999245 -0.4999245 0.4999245 0.4999245 2.4996225 2.4994715 0.27496375
0.4999245 0.4999245 -0.4999245 0.4999245 -2.5005285 2.5003775 0.27496375
}

014055b {; Anthony Hanmer 18/1/2007, Designed with BRAZIL
0.0000000 0.5000000 -0.5000000 0.0000000 -5.5000000 8.0000000 0.1500242
-0.5000000 0.5000000 -0.5000000 0.0000000 -2.5000000 8.0000000 0.1500242
-0.5000000 0.0000000 0.0000000 -0.5000000 -3.0000000 10.5000000 0.1500242
0.4999245 -0.4999245 0.4999245 0.4999245 2.4996225 2.4994715 0.27496375
0.4999245 0.4999245 -0.4999245 0.4999245 -2.5005285 2.5003775 0.27496375
}

014056b {; Anthony Hanmer 18/1/2007, Designed with BRAZIL
0.0000000 0.5000000 -0.5000000 0.0000000 -5.5000000 8.0000000 0.1500242
-0.5000000 0.5000000 -0.5000000 0.0000000 -2.5000000 8.0000000 0.1500242
0.5000000 0.0000000 0.0000000 -0.5000000 3.0000000 10.5000000 0.1500242
0.4999245 -0.4999245 0.4999245 0.4999245 2.4996225 2.4994715 0.27496375
0.4999245 0.4999245 -0.4999245 0.4999245 -2.5005285 2.5003775 0.27496375
}

014057b {; Anthony Hanmer 18/1/2007, Designed with BRAZIL
0.0000000 0.5000000 -0.5000000 0.0000000 -5.5000000 8.0000000 0.1500242
-0.5000000 0.5000000 -0.5000000 0.0000000 -2.5000000 8.0000000 0.1500242
0.5000000 0.0000000 0.0000000 -0.5000000 3.0000000 4.5000000 0.1500242
0.4999245 -0.4999245 0.4999245 0.4999245 2.4996225 2.4994715 0.27496375
0.4999245 0.4999245 -0.4999245 0.4999245 -2.5005285 2.5003775 0.27496375
}

014058b {; Anthony Hanmer 18/1/2007, Designed with BRAZIL
0.0000000 0.5000000 -0.5000000 0.0000000 -5.5000000 8.0000000 0.1500242
-0.5000000 0.5000000 -0.5000000 0.0000000 -2.5000000 8.0000000 0.1500242
0.5000000 0.0000000 0.0000000 -0.5000000 -3.0000000 4.5000000 0.1500242
0.4999245 -0.4999245 0.4999245 0.4999245 2.4996225 2.4994715 0.27496375
0.4999245 0.4999245 -0.4999245 0.4999245 -2.5005285 2.5003775 0.27496375
}

014059b {; Anthony Hanmer 18/1/2007, Designed with BRAZIL
0.0000000 0.5000000 -0.5000000 0.0000000 -5.5000000 8.0000000 0.1500242
-0.5000000 0.5000000 -0.5000000 0.0000000 -2.5000000 8.0000000 0.1500242
0.5000000 0.0000000 0.0000000 -0.5000000 -3.0000000 10.5000000 0.1500242
0.4999245 -0.4999245 0.4999245 0.4999245 2.4996225 2.4994715 0.27496375
0.4999245 0.4999245 -0.4999245 0.4999245 -2.5005285 2.5003775 0.27496375
}

014060b {; Anthony Hanmer 18/1/2007, Designed with BRAZIL
0.0000000 0.5000000 -0.5000000 0.0000000 -5.5000000 8.0000000 0.1500242
-0.5000000 0.5000000 -0.5000000 0.0000000 -2.5000000 8.0000000 0.1500242
-0.5000000 0.0000000 0.0000000 0.5000000 -3.0000000 5.5000000 0.1500242
0.4999245 -0.4999245 0.4999245 0.4999245 2.4996225 2.4994715 0.27496375
0.4999245 0.4999245 -0.4999245 0.4999245 -2.5005285 2.5003775 0.27496375
}

014061b {; Anthony Hanmer 18/1/2007, Designed with BRAZIL
0.0000000 0.5000000 -0.5000000 0.0000000 -5.5000000 8.0000000 0.1500242
-0.5000000 0.5000000 -0.5000000 0.0000000 -2.5000000 8.0000000 0.1500242
-0.5000000 0.0000000 0.0000000 0.5000000 3.0000000 5.5000000 0.1500242
0.4999245 -0.4999245 0.4999245 0.4999245 2.4996225 2.4994715 0.27496375
0.4999245 0.4999245 -0.4999245 0.4999245 -2.5005285 2.5003775 0.27496375
}

014062b {; Anthony Hanmer 18/1/2007, Designed with BRAZIL
0.0000000 0.5000000 -0.5000000 0.0000000 -5.5000000 8.0000000 0.1500242
-0.5000000 0.5000000 -0.5000000 0.0000000 -2.5000000 8.0000000 0.1500242
-0.5000000 0.0000000 0.0000000 0.5000000 3.0000000 -0.5000000 0.1500242
0.4999245 -0.4999245 0.4999245 0.4999245 2.4996225 2.4994715 0.27496375
0.4999245 0.4999245 -0.4999245 0.4999245 -2.5005285 2.5003775 0.27496375
}

014063b {; Anthony Hanmer 18/1/2007, Designed with BRAZIL
0.0000000 0.5000000 -0.5000000 0.0000000 -5.5000000 8.0000000 0.1500242
-0.5000000 0.5000000 -0.5000000 0.0000000 -2.5000000 8.0000000 0.1500242
-0.5000000 0.0000000 0.0000000 0.5000000 -3.0000000 -0.5000000 0.1500242
0.4999245 -0.4999245 0.4999245 0.4999245 2.4996225 2.4994715 0.27496375
0.4999245 0.4999245 -0.4999245 0.4999245 -2.5005285 2.5003775 0.27496375
}

014064b {; Anthony Hanmer 18/1/2007, Designed with BRAZIL
0.0000000 0.5000000 -0.5000000 0.0000000 -5.5000000 8.0000000 0.1500242
-0.5000000 0.5000000 -0.5000000 0.0000000 -2.5000000 8.0000000 0.1500242
0.5000000 0.0000000 0.0000000 0.5000000 3.0000000 -0.5000000 0.1500242
0.4999245 -0.4999245 0.4999245 0.4999245 2.4996225 2.4994715 0.27496375
0.4999245 0.4999245 -0.4999245 0.4999245 -2.5005285 2.5003775 0.27496375
}

014065b {; Anthony Hanmer 18/1/2007, Designed with BRAZIL
0.0000000 0.5000000 -0.5000000 0.0000000 -5.5000000 8.0000000 0.1500242
-0.5000000 0.5000000 -0.5000000 0.0000000 -2.5000000 8.0000000 0.1500242
0.5000000 0.0000000 0.0000000 0.5000000 3.0000000 5.5000000 0.1500242
0.4999245 -0.4999245 0.4999245 0.4999245 2.4996225 2.4994715 0.27496375
0.4999245 0.4999245 -0.4999245 0.4999245 -2.5005285 2.5003775 0.27496375
}

014066b {; Anthony Hanmer 18/1/2007, Designed with BRAZIL
0.0000000 0.5000000 -0.5000000 0.0000000 -5.5000000 8.0000000 0.1500242
-0.5000000 0.5000000 -0.5000000 0.0000000 -2.5000000 8.0000000 0.1500242
0.5000000 0.0000000 0.0000000 0.5000000 -3.0000000 5.5000000 0.1500242
0.4999245 -0.4999245 0.4999245 0.4999245 2.4996225 2.4994715 0.27496375
0.4999245 0.4999245 -0.4999245 0.4999245 -2.5005285 2.5003775 0.27496375
}

014067b {; Anthony Hanmer 18/1/2007, Designed with BRAZIL
0.0000000 0.5000000 -0.5000000 0.0000000 -5.5000000 8.0000000 0.1500242
-0.5000000 0.5000000 -0.5000000 0.0000000 -2.5000000 8.0000000 0.1500242
0.5000000 0.0000000 0.0000000 0.5000000 -3.0000000 -0.5000000 0.1500242
0.4999245 -0.4999245 0.4999245 0.4999245 2.4996225 2.4994715 0.27496375
0.4999245 0.4999245 -0.4999245 0.4999245 -2.5005285 2.5003775 0.27496375
}

014068b {; Anthony Hanmer 18/1/2007, Designed with BRAZIL
0.0000000 0.5000000 -0.5000000 0.0000000 -5.5000000 8.0000000 0.1500242
-0.5000000 0.5000000 -0.5000000 0.0000000 -2.5000000 8.0000000 0.1500242
0.0000000 0.5000000 -0.5000000 0.0000000 -5.5000000 2.0000000 0.1500242
0.4999245 -0.4999245 0.4999245 0.4999245 2.4996225 2.4994715 0.27496375
0.4999245 0.4999245 -0.4999245 0.4999245 -2.5005285 2.5003775 0.27496375
}

014069b {; Anthony Hanmer 18/1/2007, Designed with BRAZIL
0.0000000 0.5000000 -0.5000000 0.0000000 -5.5000000 8.0000000 0.1500242
-0.5000000 0.5000000 -0.5000000 0.0000000 -2.5000000 8.0000000 0.1500242
0.0000000 0.5000000 -0.5000000 0.0000000 0.5000000 2.0000000 0.1500242
0.4999245 -0.4999245 0.4999245 0.4999245 2.4996225 2.4994715 0.27496375
0.4999245 0.4999245 -0.4999245 0.4999245 -2.5005285 2.5003775 0.27496375
}

014070b {; Anthony Hanmer 18/1/2007, Designed with BRAZIL
0.0000000 0.5000000 -0.5000000 0.0000000 -5.5000000 8.0000000 0.1500242
-0.5000000 0.5000000 -0.5000000 0.0000000 -2.5000000 8.0000000 0.1500242
0.0000000 0.5000000 -0.5000000 0.0000000 0.5000000 8.0000000 0.1500242
0.4999245 -0.4999245 0.4999245 0.4999245 2.4996225 2.4994715 0.27496375
0.4999245 0.4999245 -0.4999245 0.4999245 -2.5005285 2.5003775 0.27496375
}

014071b {; Anthony Hanmer 18/1/2007, Designed with BRAZIL
0.0000000 0.5000000 -0.5000000 0.0000000 -5.5000000 8.0000000 0.1500242
-0.5000000 0.5000000 -0.5000000 0.0000000 -2.5000000 8.0000000 0.1500242
0.0000000 0.5000000 -0.5000000 0.0000000 -5.5000000 8.0000000 0.1500242
0.4999245 -0.4999245 0.4999245 0.4999245 2.4996225 2.4994715 0.27496375
0.4999245 0.4999245 -0.4999245 0.4999245 -2.5005285 2.5003775 0.27496375
}

014072b {; Anthony Hanmer 18/1/2007, Designed with BRAZIL
0.0000000 0.5000000 -0.5000000 0.0000000 -5.5000000 8.0000000 0.1500242
-0.5000000 0.5000000 -0.5000000 0.0000000 -2.5000000 8.0000000 0.1500242
0.0000000 0.5000000 -0.5000000 0.0000000 -5.5000000 8.0000000 0.1500242
0.4999245 -0.4999245 0.4999245 0.4999245 2.4996225 2.4994715 0.27496375
0.4999245 0.4999245 -0.4999245 0.4999245 -2.5005285 2.5003775 0.27496375
}

014073b {; Anthony Hanmer 18/1/2007, Designed with BRAZIL
0.0000000 0.5000000 -0.5000000 0.0000000 -5.5000000 8.0000000 0.1500242
-0.5000000 0.5000000 -0.5000000 0.0000000 -2.5000000 8.0000000 0.1500242
0.0000000 0.5000000 0.5000000 0.0000000 0.5000000 8.0000000 0.1500242
0.4999245 -0.4999245 0.4999245 0.4999245 2.4996225 2.4994715 0.27496375
0.4999245 0.4999245 -0.4999245 0.4999245 -2.5005285 2.5003775 0.27496375
}

014074b {; Anthony Hanmer 18/1/2007, Designed with BRAZIL
0.0000000 0.5000000 -0.5000000 0.0000000 -5.5000000 8.0000000 0.1500242
-0.5000000 0.5000000 -0.5000000 0.0000000 -2.5000000 8.0000000 0.1500242
0.0000000 0.5000000 0.5000000 0.0000000 0.5000000 2.0000000 0.1500242
0.4999245 -0.4999245 0.4999245 0.4999245 2.4996225 2.4994715 0.27496375
0.4999245 0.4999245 -0.4999245 0.4999245 -2.5005285 2.5003775 0.27496375
}

014075b {; Anthony Hanmer 18/1/2007, Designed with BRAZIL
0.0000000 0.5000000 -0.5000000 0.0000000 -5.5000000 8.0000000 0.1500242
-0.5000000 0.5000000 -0.5000000 0.0000000 -2.5000000 8.0000000 0.1500242
0.0000000 0.5000000 0.5000000 0.0000000 -5.5000000 2.0000000 0.1500242
0.4999245 -0.4999245 0.4999245 0.4999245 2.4996225 2.4994715 0.27496375
0.4999245 0.4999245 -0.4999245 0.4999245 -2.5005285 2.5003775 0.27496375
}

014076b {; Anthony Hanmer 18/1/2007, Designed with BRAZIL
0.0000000 0.5000000 -0.5000000 0.0000000 -5.5000000 8.0000000 0.1500242
-0.5000000 0.5000000 -0.5000000 0.0000000 -2.5000000 8.0000000 0.1500242
0.0000000 -0.5000000 0.5000000 0.0000000 -0.5000000 2.0000000 0.1500242
0.4999245 -0.4999245 0.4999245 0.4999245 2.4996225 2.4994715 0.27496375
0.4999245 0.4999245 -0.4999245 0.4999245 -2.5005285 2.5003775 0.27496375
}

014077b {; Anthony Hanmer 18/1/2007, Designed with BRAZIL
0.0000000 0.5000000 -0.5000000 0.0000000 -5.5000000 8.0000000 0.1500242
-0.5000000 0.5000000 -0.5000000 0.0000000 -2.5000000 8.0000000 0.1500242
0.0000000 -0.5000000 0.5000000 0.0000000 5.5000000 2.0000000 0.1500242
0.4999245 -0.4999245 0.4999245 0.4999245 2.4996225 2.4994715 0.27496375
0.4999245 0.4999245 -0.4999245 0.4999245 -2.5005285 2.5003775 0.27496375
}

014078b {; Anthony Hanmer 18/1/2007, Designed with BRAZIL
0.0000000 0.5000000 -0.5000000 0.0000000 -5.5000000 8.0000000 0.1500242
-0.5000000 0.5000000 -0.5000000 0.0000000 -2.5000000 8.0000000 0.1500242
0.0000000 -0.5000000 0.5000000 0.0000000 5.5000000 8.0000000 0.1500242
0.4999245 -0.4999245 0.4999245 0.4999245 2.4996225 2.4994715 0.27496375
0.4999245 0.4999245 -0.4999245 0.4999245 -2.5005285 2.5003775 0.27496375
}

014079b {; Anthony Hanmer 18/1/2007, Designed with BRAZIL
0.0000000 0.5000000 -0.5000000 0.0000000 -5.5000000 8.0000000 0.1500242
-0.5000000 0.5000000 -0.5000000 0.0000000 -2.5000000 8.0000000 0.1500242
0.0000000 -0.5000000 0.5000000 0.0000000 -0.5000000 8.0000000 0.1500242
0.4999245 -0.4999245 0.4999245 0.4999245 2.4996225 2.4994715 0.27496375
0.4999245 0.4999245 -0.4999245 0.4999245 -2.5005285 2.5003775 0.27496375
}

014080b {; Anthony Hanmer 18/1/2007, Designed with BRAZIL
0.0000000 0.5000000 -0.5000000 0.0000000 -5.5000000 8.0000000 0.1500242
-0.5000000 0.5000000 -0.5000000 0.0000000 -2.5000000 8.0000000 0.1500242
0.0000000 -0.5000000 -0.5000000 0.0000000 -0.5000000 2.0000000 0.1500242
0.4999245 -0.4999245 0.4999245 0.4999245 2.4996225 2.4994715 0.27496375
0.4999245 0.4999245 -0.4999245 0.4999245 -2.5005285 2.5003775 0.27496375
}

014081b {; Anthony Hanmer 18/1/2007, Designed with BRAZIL
0.0000000 0.5000000 -0.5000000 0.0000000 -5.5000000 8.0000000 0.1500242
-0.5000000 0.5000000 -0.5000000 0.0000000 -2.5000000 8.0000000 0.1500242
0.0000000 -0.5000000 -0.5000000 0.0000000 5.5000000 2.0000000 0.1500242
0.4999245 -0.4999245 0.4999245 0.4999245 2.4996225 2.4994715 0.27496375
0.4999245 0.4999245 -0.4999245 0.4999245 -2.5005285 2.5003775 0.27496375
}

014082b {; Anthony Hanmer 18/1/2007, Designed with BRAZIL
0.0000000 0.5000000 -0.5000000 0.0000000 -5.5000000 8.0000000 0.1500242
-0.5000000 0.5000000 -0.5000000 0.0000000 -2.5000000 8.0000000 0.1500242
0.0000000 -0.5000000 -0.5000000 0.0000000 5.5000000 8.0000000 0.1500242
0.4999245 -0.4999245 0.4999245 0.4999245 2.4996225 2.4994715 0.27496375
0.4999245 0.4999245 -0.4999245 0.4999245 -2.5005285 2.5003775 0.27496375
}

014083b {; Anthony Hanmer 18/1/2007, Designed with BRAZIL
0.0000000 0.5000000 -0.5000000 0.0000000 -5.5000000 8.0000000 0.1500242
-0.5000000 0.5000000 -0.5000000 0.0000000 -2.5000000 8.0000000 0.1500242
0.0000000 -0.5000000 -0.5000000 0.0000000 -0.5000000 8.0000000 0.1500242
0.4999245 -0.4999245 0.4999245 0.4999245 2.4996225 2.4994715 0.27496375
0.4999245 0.4999245 -0.4999245 0.4999245 -2.5005285 2.5003775 0.27496375
}

014084b {; Anthony Hanmer 18/1/2007, Designed with BRAZIL
0.0000000 0.5000000 -0.5000000 0.0000000 -5.5000000 8.0000000 0.1500242
-0.5000000 0.5000000 -0.5000000 0.0000000 -2.5000000 8.0000000 0.1500242
0.6728164 0.0064108 0.0000000 0.3715724 -1.9566910 6.8955724 0.1500242
0.4999245 -0.4999245 0.4999245 0.4999245 2.4996225 2.4994715 0.27496375
0.4999245 0.4999245 -0.4999245 0.4999245 -2.5005285 2.5003775 0.27496375
}

014085b {; Anthony Hanmer 18/1/2007, Designed with BRAZIL
0.0000000 0.5000000 -0.5000000 0.0000000 -5.5000000 8.0000000 0.1500242
-0.5000000 0.5000000 -0.5000000 0.0000000 -2.5000000 8.0000000 0.1500242
0.6728164 0.0064108 0.0000000 0.3715724 1.8953090 6.8955724 0.1500242
0.4999245 -0.4999245 0.4999245 0.4999245 2.4996225 2.4994715 0.27496375
0.4999245 0.4999245 -0.4999245 0.4999245 -2.5005285 2.5003775 0.27496375
}

014086b {; Anthony Hanmer 18/1/2007, Designed with BRAZIL
0.0000000 0.5000000 -0.5000000 0.0000000 -5.5000000 8.0000000 0.1500242
-0.5000000 0.5000000 -0.5000000 0.0000000 -2.5000000 8.0000000 0.1500242
0.6728164 0.0064108 0.0000000 0.3715724 1.8953090 -0.6284276 0.1500242
0.4999245 -0.4999245 0.4999245 0.4999245 2.4996225 2.4994715 0.27496375
0.4999245 0.4999245 -0.4999245 0.4999245 -2.5005285 2.5003775 0.27496375
}

014087b {; Anthony Hanmer 18/1/2007, Designed with BRAZIL
0.0000000 0.5000000 -0.5000000 0.0000000 -5.5000000 8.0000000 0.1500242
-0.5000000 0.5000000 -0.5000000 0.0000000 -2.5000000 8.0000000 0.1500242
