023988a {; Anthony Hanmer 18/1/2007, Designed with BRAZIL
0.0000000 0.5000000 -0.5000000 0.0000000 -5.5000000 5.0000000 0.1500242
-0.5000000 0.5000000 -0.5000000 0.0000000 -2.5000000 2.0000000 0.1500242
-0.6728164 0.0064108 0.0000000 0.3715724 -1.9304874 -0.6284276 0.1500242
0.4999245 -0.4999245 0.4999245 0.4999245 2.4996225 2.4994715 0.27496375
-0.4999245 0.4999245 -0.4999245 -0.4999245 -2.4996225 7.5005285 0.27496375
}

023989a {; Anthony Hanmer 18/1/2007, Designed with BRAZIL
0.0000000 0.5000000 -0.5000000 0.0000000 -5.5000000 5.0000000 0.1500242
-0.5000000 0.5000000 -0.5000000 0.0000000 -2.5000000 2.0000000 0.1500242
-0.6728164 -0.0082518 0.0000000 0.3715724 1.9548501 -0.6284276 0.1500242
0.4999245 -0.4999245 0.4999245 0.4999245 2.4996225 2.4994715 0.27496375
-0.4999245 0.4999245 -0.4999245 -0.4999245 -2.4996225 7.5005285 0.27496375
}

023990a {; Anthony Hanmer 18/1/2007, Designed with BRAZIL
0.0000000 0.5000000 -0.5000000 0.0000000 -5.5000000 5.0000000 0.1500242
-0.5000000 0.5000000 -0.5000000 0.0000000 -2.5000000 2.0000000 0.1500242
-0.6728164 -0.0082518 0.0000000 0.3715724 1.9548501 6.9075724 0.1500242
0.4999245 -0.4999245 0.4999245 0.4999245 2.4996225 2.4994715 0.27496375
-0.4999245 0.4999245 -0.4999245 -0.4999245 -2.4996225 7.5005285 0.27496375
}

023991a {; Anthony Hanmer 18/1/2007, Designed with BRAZIL
0.0000000 0.5000000 -0.5000000 0.0000000 -5.5000000 5.0000000 0.1500242
-0.5000000 0.5000000 -0.5000000 0.0000000 -2.5000000 2.0000000 0.1500242
0.0000000 -0.3715724 0.6728164 0.0064108 -1.8955724 3.0433090 0.1500242
0.4999245 -0.4999245 0.4999245 0.4999245 2.4996225 2.4994715 0.27496375
-0.4999245 0.4999245 -0.4999245 -0.4999245 -2.4996225 7.5005285 0.27496375
}

023992a {; Anthony Hanmer 18/1/2007, Designed with BRAZIL
0.0000000 0.5000000 -0.5000000 0.0000000 -5.5000000 5.0000000 0.1500242
-0.5000000 0.5000000 -0.5000000 0.0000000 -2.5000000 2.0000000 0.1500242
0.0000000 -0.3715724 0.6728164 0.0064108 5.6284276 3.0433090 0.1500242
0.4999245 -0.4999245 0.4999245 0.4999245 2.4996225 2.4994715 0.27496375
-0.4999245 0.4999245 -0.4999245 -0.4999245 -2.4996225 7.5005285 0.27496375
}

023993a {; Anthony Hanmer 18/1/2007, Designed with BRAZIL
0.0000000 0.5000000 -0.5000000 0.0000000 -5.5000000 5.0000000 0.1500242
-0.5000000 0.5000000 -0.5000000 0.0000000 -2.5000000 2.0000000 0.1500242
0.0000000 -0.3715724 0.6728164 0.0064108 5.6284276 6.9073090 0.1500242
0.4999245 -0.4999245 0.4999245 0.4999245 2.4996225 2.4994715 0.27496375
-0.4999245 0.4999245 -0.4999245 -0.4999245 -2.4996225 7.5005285 0.27496375
}

023994a {; Anthony Hanmer 18/1/2007, Designed with BRAZIL
0.0000000 0.5000000 -0.5000000 0.0000000 -5.5000000 5.0000000 0.1500242
-0.5000000 0.5000000 -0.5000000 0.0000000 -2.5000000 2.0000000 0.1500242
0.0000000 -0.3715724 0.6728164 -0.0082518 -1.8955724 6.9406464 0.1500242
0.4999245 -0.4999245 0.4999245 0.4999245 2.4996225 2.4994715 0.27496375
-0.4999245 0.4999245 -0.4999245 -0.4999245 -2.4996225 7.5005285 0.27496375
}

023995a {; Anthony Hanmer 18/1/2007, Designed with BRAZIL
0.0000000 0.5000000 -0.5000000 0.0000000 -5.5000000 5.0000000 0.1500242
-0.5000000 0.5000000 -0.5000000 0.0000000 -2.5000000 2.0000000 0.1500242
0.0000000 0.3715724 0.6728164 -0.0064108 1.9315724 6.9544874 0.1500242
0.4999245 -0.4999245 0.4999245 0.4999245 2.4996225 2.4994715 0.27496375
-0.4999245 0.4999245 -0.4999245 -0.4999245 -2.4996225 7.5005285 0.27496375
}

023996a {; Anthony Hanmer 18/1/2007, Designed with BRAZIL
0.0000000 0.5000000 -0.5000000 0.0000000 -5.5000000 5.0000000 0.1500242
-0.5000000 0.5000000 -0.5000000 0.0000000 -2.5000000 2.0000000 0.1500242
0.0000000 0.3715724 0.6728164 0.0082518 1.9195724 3.0451499 0.1500242
0.4999245 -0.4999245 0.4999245 0.4999245 2.4996225 2.4994715 0.27496375
-0.4999245 0.4999245 -0.4999245 -0.4999245 -2.4996225 7.5005285 0.27496375
}

023997a {; Anthony Hanmer 18/1/2007, Designed with BRAZIL
0.0000000 0.5000000 -0.5000000 0.0000000 -5.5000000 5.0000000 0.1500242
-0.5000000 0.5000000 -0.5000000 0.0000000 -2.5000000 2.0000000 0.1500242
0.0000000 0.3715724 0.6728164 0.0082518 -5.6284276 3.0451499 0.1500242
0.4999245 -0.4999245 0.4999245 0.4999245 2.4996225 2.4994715 0.27496375
-0.4999245 0.4999245 -0.4999245 -0.4999245 -2.4996225 7.5005285 0.27496375
}

023998a {; Anthony Hanmer 18/1/2007, Designed with BRAZIL
0.0000000 0.5000000 -0.5000000 0.0000000 -5.5000000 5.0000000 0.1500242
-0.5000000 0.5000000 -0.5000000 0.0000000 -2.5000000 2.0000000 0.1500242
0.0000000 0.3715724 -0.6728164 0.0082518 -5.6284276 3.0353536 0.1500242
0.4999245 -0.4999245 0.4999245 0.4999245 2.4996225 2.4994715 0.27496375
-0.4999245 0.4999245 -0.4999245 -0.4999245 -2.4996225 7.5005285 0.27496375
}

023999a {; Anthony Hanmer 18/1/2007, Designed with BRAZIL
0.0000000 0.5000000 -0.5000000 0.0000000 -5.5000000 5.0000000 0.1500242
-0.5000000 0.5000000 -0.5000000 0.0000000 -2.5000000 2.0000000 0.1500242
0.0000000 0.3715724 -0.6728164 0.0082518 1.9195724 3.0353536 0.1500242
0.4999245 -0.4999245 0.4999245 0.4999245 2.4996225 2.4994715 0.27496375
-0.4999245 0.4999245 -0.4999245 -0.4999245 -2.4996225 7.5005285 0.27496375
}

024000a {; Anthony Hanmer 18/1/2007, Designed with BRAZIL
0.5000000 0.0000000 0.0000000 -0.5000000 0.0000000 10.5000000 0.1500242
-0.5000000 0.5000000 -0.5000000 0.0000000 -2.5000000 2.0000000 0.1500242
0.6728164 0.0064108 0.0000000 0.3715724 -1.9566910 -0.6284276 0.1500242
0.4999245 -0.4999245 0.4999245 0.4999245 2.4996225 2.4994715 0.27496375
-0.4999245 0.4999245 -0.4999245 -0.4999245 -2.4996225 7.5005285 0.27496375
}

024001a {; Anthony Hanmer 18/1/2007, Designed with BRAZIL
0.5000000 0.0000000 0.0000000 -0.5000000 0.0000000 10.5000000 0.1500242
-0.5000000 0.5000000 -0.5000000 0.0000000 -2.5000000 2.0000000 0.1500242
0.5000000 -0.5000000 0.0000000 -0.5000000 2.5000000 4.5000000 0.1500242
0.4999245 -0.4999245 0.4999245 0.4999245 2.4996225 2.4994715 0.27496375
-0.4999245 0.4999245 -0.4999245 -0.4999245 -2.4996225 7.5005285 0.27496375
}

024002a {; Anthony Hanmer 18/1/2007, Designed with BRAZIL
0.5000000 0.0000000 0.0000000 -0.5000000 0.0000000 10.5000000 0.1500242
-0.5000000 0.5000000 -0.5000000 0.0000000 -2.5000000 2.0000000 0.1500242
0.5000000 0.5000000 0.0000000 -0.5000000 -2.5000000 4.5000000 0.1500242
0.4999245 -0.4999245 0.4999245 0.4999245 2.4996225 2.4994715 0.27496375
-0.4999245 0.4999245 -0.4999245 -0.4999245 -2.4996225 7.5005285 0.27496375
}

024003a {; Anthony Hanmer 18/1/2007, Designed with BRAZIL
0.5000000 0.0000000 0.0000000 -0.5000000 0.0000000 10.5000000 0.1500242
-0.5000000 0.5000000 -0.5000000 0.0000000 -2.5000000 2.0000000 0.1500242
0.5000000 0.5000000 0.5000000 0.0000000 -2.5000000 2.0000000 0.1500242
0.4999245 -0.4999245 0.4999245 0.4999245 2.4996225 2.4994715 0.27496375
-0.4999245 0.4999245 -0.4999245 -0.4999245 -2.4996225 7.5005285 0.27496375
}

024004a {; Anthony Hanmer 18/1/2007, Designed with BRAZIL
0.5000000 0.0000000 0.0000000 -0.5000000 0.0000000 10.5000000 0.1500242
-0.5000000 0.5000000 -0.5000000 0.0000000 -2.5000000 2.0000000 0.1500242
0.5000000 0.0000000 0.5000000 -0.5000000 -3.0000000 7.5000000 0.1500242
0.4999245 -0.4999245 0.4999245 0.4999245 2.4996225 2.4994715 0.27496375
-0.4999245 0.4999245 -0.4999245 -0.4999245 -2.4996225 7.5005285 0.27496375
}

024005a {; Anthony Hanmer 18/1/2007, Designed with BRAZIL
0.5000000 0.0000000 0.0000000 -0.5000000 0.0000000 10.5000000 0.1500242
-0.5000000 0.5000000 -0.5000000 0.0000000 -2.5000000 2.0000000 0.1500242
0.5000000 0.0000000 -0.5000000 -0.5000000 -3.0000000 7.5000000 0.1500242
0.4999245 -0.4999245 0.4999245 0.4999245 2.4996225 2.4994715 0.27496375
-0.4999245 0.4999245 -0.4999245 -0.4999245 -2.4996225 7.5005285 0.27496375
}

024006a {; Anthony Hanmer 18/1/2007, Designed with BRAZIL
0.5000000 0.0000000 0.0000000 -0.5000000 0.0000000 10.5000000 0.1500242
-0.5000000 0.5000000 -0.5000000 0.0000000 -2.5000000 2.0000000 0.1500242
0.5000000 0.0000000 -0.5000000 -0.5000000 3.0000000 7.5000000 0.1500242
0.4999245 -0.4999245 0.4999245 0.4999245 2.4996225 2.4994715 0.27496375
-0.4999245 0.4999245 -0.4999245 -0.4999245 -2.4996225 7.5005285 0.27496375
}

024007a {; Anthony Hanmer 18/1/2007, Designed with BRAZIL
0.5000000 0.0000000 0.0000000 -0.5000000 0.0000000 10.5000000 0.1500242
-0.5000000 0.5000000 -0.5000000 0.0000000 -2.5000000 2.0000000 0.1500242
0.5000000 -0.5000000 -0.5000000 0.0000000 2.5000000 8.0000000 0.1500242
0.4999245 -0.4999245 0.4999245 0.4999245 2.4996225 2.4994715 0.27496375
-0.4999245 0.4999245 -0.4999245 -0.4999245 -2.4996225 7.5005285 0.27496375
}

024008a {; Anthony Hanmer 18/1/2007, Designed with BRAZIL
0.5000000 0.0000000 0.0000000 -0.5000000 0.0000000 10.5000000 0.1500242
-0.5000000 0.5000000 -0.5000000 0.0000000 -2.5000000 2.0000000 0.1500242
0.5000000 -0.5000000 -0.5000000 0.0000000 2.5000000 2.0000000 0.1500242
0.4999245 -0.4999245 0.4999245 0.4999245 2.4996225 2.4994715 0.27496375
-0.4999245 0.4999245 -0.4999245 -0.4999245 -2.4996225 7.5005285 0.27496375
}

024009a {; Anthony Hanmer 18/1/2007, Designed with BRAZIL
0.5000000 0.0000000 0.0000000 -0.5000000 0.0000000 10.5000000 0.1500242
-0.5000000 0.5000000 -0.5000000 0.0000000 -2.5000000 2.0000000 0.1500242
-0.5000000 -0.5000000 0.0000000 -0.5000000 2.5000000 4.5000000 0.1500242
0.4999245 -0.4999245 0.4999245 0.4999245 2.4996225 2.4994715 0.27496375
-0.4999245 0.4999245 -0.4999245 -0.4999245 -2.4996225 7.5005285 0.27496375
}

024010a {; Anthony Hanmer 18/1/2007, Designed with BRAZIL
0.5000000 0.0000000 0.0000000 -0.5000000 0.0000000 10.5000000 0.1500242
-0.5000000 0.5000000 -0.5000000 0.0000000 -2.5000000 2.0000000 0.1500242
-0.5000000 -0.5000000 0.0000000 -0.5000000 2.5000000 10.5000000 0.1500242
0.4999245 -0.4999245 0.4999245 0.4999245 2.4996225 2.4994715 0.27496375
-0.4999245 0.4999245 -0.4999245 -0.4999245 -2.4996225 7.5005285 0.27496375
}

024011a {; Anthony Hanmer 18/1/2007, Designed with BRAZIL
0.5000000 0.0000000 0.0000000 -0.5000000 0.0000000 10.5000000 0.1500242
-0.5000000 0.5000000 -0.5000000 0.0000000 -2.5000000 2.0000000 0.1500242
-0.5000000 0.5000000 0.0000000 0.5000000 -2.5000000 5.5000000 0.1500242
0.4999245 -0.4999245 0.4999245 0.4999245 2.4996225 2.4994715 0.27496375
-0.4999245 0.4999245 -0.4999245 -0.4999245 -2.4996225 7.5005285 0.27496375
}

024012a {; Anthony Hanmer 18/1/2007, Designed with BRAZIL
0.5000000 0.0000000 0.0000000 -0.5000000 0.0000000 10.5000000 0.1500242
-0.5000000 0.5000000 -0.5000000 0.0000000 -2.5000000 2.0000000 0.1500242
-0.5000000 0.5000000 0.0000000 0.5000000 -2.5000000 -0.5000000 0.1500242
0.4999245 -0.4999245 0.4999245 0.4999245 2.4996225 2.4994715 0.27496375
-0.4999245 0.4999245 -0.4999245 -0.4999245 -2.4996225 7.5005285 0.27496375
}

024013a {; Anthony Hanmer 18/1/2007, Designed with BRAZIL
0.5000000 0.0000000 0.0000000 -0.5000000 0.0000000 10.5000000 0.1500242
-0.5000000 0.5000000 -0.5000000 0.0000000 -2.5000000 2.0000000 0.1500242
0.5000000 0.5000000 0.0000000 0.5000000 -2.5000000 -0.5000000 0.1500242
0.4999245 -0.4999245 0.4999245 0.4999245 2.4996225 2.4994715 0.27496375
-0.4999245 0.4999245 -0.4999245 -0.4999245 -2.4996225 7.5005285 0.27496375
}

024014a {; Anthony Hanmer 18/1/2007, Designed with BRAZIL
0.5000000 0.0000000 0.0000000 -0.5000000 0.0000000 10.5000000 0.1500242
-0.5000000 0.5000000 -0.5000000 0.0000000 -2.5000000 2.0000000 0.1500242
0.5000000 0.5000000 0.0000000 0.5000000 -2.5000000 5.5000000 0.1500242
0.4999245 -0.4999245 0.4999245 0.4999245 2.4996225 2.4994715 0.27496375
-0.4999245 0.4999245 -0.4999245 -0.4999245 -2.4996225 7.5005285 0.27496375
}

024015a {; Anthony Hanmer 18/1/2007, Designed with BRAZIL
0.5000000 0.0000000 0.0000000 -0.5000000 0.0000000 10.5000000 0.1500242
-0.5000000 0.5000000 -0.5000000 0.0000000 -2.5000000 2.0000000 0.1500242
0.0000000 -0.5000000 -0.5000000 0.5000000 -0.5000000 2.5000000 0.1500242
0.4999245 -0.4999245 0.4999245 0.4999245 2.4996225 2.4994715 0.27496375
-0.4999245 0.4999245 -0.4999245 -0.4999245 -2.4996225 7.5005285 0.27496375
}

024016a {; Anthony Hanmer 18/1/2007, Designed with BRAZIL
0.5000000 0.0000000 0.0000000 -0.5000000 0.0000000 10.5000000 0.1500242
-0.5000000 0.5000000 -0.5000000 0.0000000 -2.5000000 2.0000000 0.1500242
0.0000000 -0.5000000 -0.5000000 0.5000000 5.5000000 2.5000000 0.1500242
0.4999245 -0.4999245 0.4999245 0.4999245 2.4996225 2.4994715 0.27496375
-0.4999245 0.4999245 -0.4999245 -0.4999245 -2.4996225 7.5005285 0.27496375
}

024017a {; Anthony Hanmer 18/1/2007, Designed with BRAZIL
0.5000000 0.0000000 0.0000000 -0.5000000 0.0000000 10.5000000 0.1500242
-0.5000000 0.5000000 -0.5000000 0.0000000 -2.5000000 2.0000000 0.1500242
0.0000000 -0.5000000 0.5000000 0.5000000 5.5000000 2.5000000 0.1500242
0.4999245 -0.4999245 0.4999245 0.4999245 2.4996225 2.4994715 0.27496375
-0.4999245 0.4999245 -0.4999245 -0.4999245 -2.4996225 7.5005285 0.27496375
}

024018a {; Anthony Hanmer 18/1/2007, Designed with BRAZIL
0.5000000 0.0000000 0.0000000 -0.5000000 0.0000000 10.5000000 0.1500242
-0.5000000 0.5000000 -0.5000000 0.0000000 -2.5000000 2.0000000 0.1500242
0.0000000 -0.5000000 0.5000000 0.5000000 -0.5000000 2.5000000 0.1500242
0.4999245 -0.4999245 0.4999245 0.4999245 2.4996225 2.4994715 0.27496375
-0.4999245 0.4999245 -0.4999245 -0.4999245 -2.4996225 7.5005285 0.27496375
}

024019a {; Anthony Hanmer 18/1/2007, Designed with BRAZIL
0.5000000 0.0000000 0.0000000 -0.5000000 0.0000000 10.5000000 0.1500242
-0.5000000 0.5000000 -0.5000000 0.0000000 -2.5000000 2.0000000 0.1500242
0.0000000 0.5000000 0.5000000 -0.5000000 0.5000000 7.5000000 0.1500242
0.4999245 -0.4999245 0.4999245 0.4999245 2.4996225 2.4994715 0.27496375
-0.4999245 0.4999245 -0.4999245 -0.4999245 -2.4996225 7.5005285 0.27496375
}

024020a {; Anthony Hanmer 18/1/2007, Designed with BRAZIL
0.5000000 0.0000000 0.0000000 -0.5000000 0.0000000 10.5000000 0.1500242
-0.5000000 0.5000000 -0.5000000 0.0000000 -2.5000000 2.0000000 0.1500242
0.0000000 0.5000000 0.5000000 -0.5000000 -5.5000000 7.5000000 0.1500242
0.4999245 -0.4999245 0.4999245 0.4999245 2.4996225 2.4994715 0.27496375
-0.4999245 0.4999245 -0.4999245 -0.4999245 -2.4996225 7.5005285 0.27496375
}

024021a {; Anthony Hanmer 18/1/2007, Designed with BRAZIL
0.5000000 0.0000000 0.0000000 -0.5000000 0.0000000 10.5000000 0.1500242
-0.5000000 0.5000000 -0.5000000 0.0000000 -2.5000000 2.0000000 0.1500242
0.0000000 0.5000000 -0.5000000 -0.5000000 -5.5000000 7.5000000 0.1500242
0.4999245 -0.4999245 0.4999245 0.4999245 2.4996225 2.4994715 0.27496375
-0.4999245 0.4999245 -0.4999245 -0.4999245 -2.4996225 7.5005285 0.27496375
}

024022a {; Anthony Hanmer 18/1/2007, Designed with BRAZIL
0.5000000 0.0000000 0.0000000 -0.5000000 0.0000000 10.5000000 0.1500242
-0.5000000 0.5000000 -0.5000000 0.0000000 -2.5000000 2.0000000 0.1500242
0.0000000 0.5000000 -0.5000000 -0.5000000 0.5000000 7.5000000 0.1500242
0.4999245 -0.4999245 0.4999245 0.4999245 2.4996225 2.4994715 0.27496375
-0.4999245 0.4999245 -0.4999245 -0.4999245 -2.4996225 7.5005285 0.27496375
}

024023a {; Anthony Hanmer 18/1/2007, Designed with BRAZIL
0.5000000 0.0000000 0.0000000 -0.5000000 0.0000000 10.5000000 0.1500242
-0.5000000 0.5000000 -0.5000000 0.0000000 -2.5000000 2.0000000 0.1500242
-0.5000000 0.5000000 0.0000000 0.5000000 -2.5000000 5.5000000 0.1500242
0.4999245 -0.4999245 0.4999245 0.4999245 2.4996225 2.4994715 0.27496375
-0.4999245 0.4999245 -0.4999245 -0.4999245 -2.4996225 7.5005285 0.27496375
}

024024a {; Anthony Hanmer 18/1/2007, Designed with BRAZIL
0.5000000 0.0000000 0.0000000 -0.5000000 0.0000000 10.5000000 0.1500242
-0.5000000 0.5000000 -0.5000000 0.0000000 -2.5000000 2.0000000 0.1500242
-0.5000000 -0.5000000 0.5000000 0.0000000 2.5000000 8.0000000 0.1500242
0.4999245 -0.4999245 0.4999245 0.4999245 2.4996225 2.4994715 0.27496375
-0.4999245 0.4999245 -0.4999245 -0.4999245 -2.4996225 7.5005285 0.27496375
}

024025a {; Anthony Hanmer 18/1/2007, Designed with BRAZIL
0.5000000 0.0000000 0.0000000 -0.5000000 0.0000000 10.5000000 0.1500242
-0.5000000 0.5000000 -0.5000000 0.0000000 -2.5000000 2.0000000 0.1500242
-0.5000000 -0.5000000 0.5000000 0.0000000 2.5000000 2.0000000 0.1500242
0.4999245 -0.4999245 0.4999245 0.4999245 2.4996225 2.4994715 0.27496375
-0.4999245 0.4999245 -0.4999245 -0.4999245 -2.4996225 7.5005285 0.27496375
}

024026a {; Anthony Hanmer 18/1/2007, Designed with BRAZIL
0.5000000 0.0000000 0.0000000 -0.5000000 0.0000000 10.5000000 0.1500242
-0.5000000 0.5000000 -0.5000000 0.0000000 -2.5000000 2.0000000 0.1500242
-0.6728164 0.0064108 0.0000000 0.3715724 -1.9304874 -0.6284276 0.1500242
0.4999245 -0.4999245 0.4999245 0.4999245 2.4996225 2.4994715 0.27496375
-0.4999245 0.4999245 -0.4999245 -0.4999245 -2.4996225 7.5005285 0.27496375
}

024027a {; Anthony Hanmer 18/1/2007, Designed with BRAZIL
0.5000000 0.0000000 0.0000000 -0.5000000 0.0000000 10.5000000 0.1500242
-0.5000000 0.5000000 -0.5000000 0.0000000 -2.5000000 2.0000000 0.1500242
0.5000000 -0.5000000 -0.5000000 0.0000000 2.5000000 8.0000000 0.1500242
0.4999245 -0.4999245 0.4999245 0.4999245 2.4996225 2.4994715 0.27496375
-0.4999245 0.4999245 -0.4999245 -0.4999245 -2.4996225 7.5005285 0.27496375
}

024028a {; Anthony Hanmer 18/1/2007, Designed with BRAZIL
0.5000000 0.0000000 0.0000000 -0.5000000 0.0000000 10.5000000 0.1500242
-0.5000000 0.5000000 -0.5000000 0.0000000 -2.5000000 2.0000000 0.1500242
0.5000000 0.5000000 -0.5000000 0.0000000 -2.5000000 8.0000000 0.1500242
0.4999245 -0.4999245 0.4999245 0.4999245 2.4996225 2.4994715 0.27496375
-0.4999245 0.4999245 -0.4999245 -0.4999245 -2.4996225 7.5005285 0.27496375
}

024029a {; Anthony Hanmer 18/1/2007, Designed with BRAZIL
0.5000000 0.0000000 0.0000000 -0.5000000 0.0000000 10.5000000 0.1500242
-0.5000000 0.5000000 -0.5000000 0.0000000 -2.5000000 2.0000000 0.1500242
0.5000000 0.5000000 -0.5000000 0.0000000 -2.5000000 2.0000000 0.1500242
0.4999245 -0.4999245 0.4999245 0.4999245 2.4996225 2.4994715 0.27496375
-0.4999245 0.4999245 -0.4999245 -0.4999245 -2.4996225 7.5005285 0.27496375
}

024030a {; Anthony Hanmer 18/1/2007, Designed with BRAZIL
0.5000000 0.0000000 0.0000000 -0.5000000 0.0000000 10.5000000 0.1500242
-0.5000000 0.5000000 -0.5000000 0.0000000 -2.5000000 2.0000000 0.1500242
-0.5000000 0.5000000 0.5000000 0.0000000 -2.5000000 8.0000000 0.1500242
0.4999245 -0.4999245 0.4999245 0.4999245 2.4996225 2.4994715 0.27496375
-0.4999245 0.4999245 -0.4999245 -0.4999245 -2.4996225 7.5005285 0.27496375
}

024031a {; Anthony Hanmer 18/1/2007, Designed with BRAZIL
0.5000000 0.0000000 0.0000000 -0.5000000 0.0000000 10.5000000 0.1500242
-0.5000000 0.5000000 -0.5000000 0.0000000 -2.5000000 2.0000000 0.1500242
-0.5000000 0.5000000 0.5000000 0.0000000 -2.5000000 2.0000000 0.1500242
0.4999245 -0.4999245 0.4999245 0.4999245 2.4996225 2.4994715 0.27496375
-0.4999245 0.4999245 -0.4999245 -0.4999245 -2.4996225 7.5005285 0.27496375
}

024032a {; Anthony Hanmer 18/1/2007, Designed with BRAZIL
0.5000000 0.0000000 0.0000000 -0.5000000 0.0000000 10.5000000 0.1500242
-0.5000000 0.5000000 -0.5000000 0.0000000 -2.5000000 2.0000000 0.1500242
-0.5000000 0.0000000 -0.5000000 -0.5000000 3.0000000 7.5000000 0.1500242
0.4999245 -0.4999245 0.4999245 0.4999245 2.4996225 2.4994715 0.27496375
-0.4999245 0.4999245 -0.4999245 -0.4999245 -2.4996225 7.5005285 0.27496375
}

024033a {; Anthony Hanmer 18/1/2007, Designed with BRAZIL
0.5000000 0.0000000 0.0000000 -0.5000000 0.0000000 10.5000000 0.1500242
-0.5000000 0.5000000 -0.5000000 0.0000000 -2.5000000 2.0000000 0.1500242
-0.5000000 0.0000000 -0.5000000 -0.5000000 -3.0000000 7.5000000 0.1500242
0.4999245 -0.4999245 0.4999245 0.4999245 2.4996225 2.4994715 0.27496375
-0.4999245 0.4999245 -0.4999245 -0.4999245 -2.4996225 7.5005285 0.27496375
}

024034a {; Anthony Hanmer 18/1/2007, Designed with BRAZIL
0.5000000 0.0000000 0.0000000 -0.5000000 0.0000000 10.5000000 0.1500242
-0.5000000 0.5000000 -0.5000000 0.0000000 -2.5000000 2.0000000 0.1500242
0.5000000 0.0000000 0.5000000 -0.5000000 3.0000000 7.5000000 0.1500242
0.4999245 -0.4999245 0.4999245 0.4999245 2.4996225 2.4994715 0.27496375
-0.4999245 0.4999245 -0.4999245 -0.4999245 -2.4996225 7.5005285 0.27496375
}

024035a {; Anthony Hanmer 18/1/2007, Designed with BRAZIL
0.5000000 0.0000000 0.0000000 -0.5000000 0.0000000 10.5000000 0.1500242
-0.5000000 0.5000000 -0.5000000 0.0000000 -2.5000000 2.0000000 0.1500242
0.5000000 0.0000000 0.5000000 -0.5000000 -3.0000000 7.5000000 0.1500242
0.4999245 -0.4999245 0.4999245 0.4999245 2.4996225 2.4994715 0.27496375
-0.4999245 0.4999245 -0.4999245 -0.4999245 -2.4996225 7.5005285 0.27496375
}

024036a {; Anthony Hanmer 18/1/2007, Designed with BRAZIL
0.5000000 0.0000000 0.0000000 -0.5000000 0.0000000 10.5000000 0.1500242
-0.5000000 0.5000000 -0.5000000 0.0000000 -2.5000000 2.0000000 0.1500242
0.5000000 0.0000000 0.5000000 0.5000000 -3.0000000 2.5000000 0.1500242
0.4999245 -0.4999245 0.4999245 0.4999245 2.4996225 2.4994715 0.27496375
-0.4999245 0.4999245 -0.4999245 -0.4999245 -2.4996225 7.5005285 0.27496375
}

024037a {; Anthony Hanmer 18/1/2007, Designed with BRAZIL
0.5000000 0.0000000 0.0000000 -0.5000000 0.0000000 10.5000000 0.1500242
-0.5000000 0.5000000 -0.5000000 0.0000000 -2.5000000 2.0000000 0.1500242
0.5000000 0.0000000 0.5000000 0.5000000 3.0000000 2.5000000 0.1500242
0.4999245 -0.4999245 0.4999245 0.4999245 2.4996225 2.4994715 0.27496375
-0.4999245 0.4999245 -0.4999245 -0.4999245 -2.4996225 7.5005285 0.27496375
}

024038a {; Anthony Hanmer 18/1/2007, Designed with BRAZIL
0.5000000 0.0000000 0.0000000 -0.5000000 0.0000000 10.5000000 0.1500242
-0.5000000 0.5000000 -0.5000000 0.0000000 -2.5000000 2.0000000 0.1500242
-0.5000000 0.0000000 -0.5000000 0.5000000 -3.0000000 2.5000000 0.1500242
0.4999245 -0.4999245 0.4999245 0.4999245 2.4996225 2.4994715 0.27496375
-0.4999245 0.4999245 -0.4999245 -0.4999245 -2.4996225 7.5005285 0.27496375
}

024039a {; Anthony Hanmer 18/1/2007, Designed with BRAZIL
0.5000000 0.0000000 0.0000000 -0.5000000 0.0000000 10.5000000 0.1500242
-0.5000000 0.5000000 -0.5000000 0.0000000 -2.5000000 2.0000000 0.1500242
-0.5000000 0.0000000 -0.5000000 0.5000000 3.0000000 2.5000000 0.1500242
0.4999245 -0.4999245 0.4999245 0.4999245 2.4996225 2.4994715 0.27496375
-0.4999245 0.4999245 -0.4999245 -0.4999245 -2.4996225 7.5005285 0.27496375
}

024040a {; Anthony Hanmer 18/1/2007, Designed with BRAZIL
0.5000000 0.0000000 0.0000000 -0.5000000 0.0000000 10.5000000 0.1500242
-0.5000000 0.5000000 -0.5000000 0.0000000 -2.5000000 2.0000000 0.1500242
0.0000000 0.3715724 -0.6728164 0.0082518 -5.6284276 3.0353536 0.1500242
0.4999245 -0.4999245 0.4999245 0.4999245 2.4996225 2.4994715 0.27496375
-0.4999245 0.4999245 -0.4999245 -0.4999245 -2.4996225 7.5005285 0.27496375
}

024041a {; Anthony Hanmer 18/1/2007, Designed with BRAZIL
0.5000000 0.0000000 0.0000000 -0.5000000 0.0000000 10.5000000 0.1500242
-0.5000000 0.5000000 -0.5000000 0.0000000 -2.5000000 2.0000000 0.1500242
-0.5000000 0.0000000 0.5000000 -0.5000000 -3.0000000 7.5000000 0.1500242
0.4999245 -0.4999245 0.4999245 0.4999245 2.4996225 2.4994715 0.27496375
-0.4999245 0.4999245 -0.4999245 -0.4999245 -2.4996225 7.5005285 0.27496375
}

024042a {; Anthony Hanmer 18/1/2007, Designed with BRAZIL
0.5000000 0.0000000 0.0000000 -0.5000000 0.0000000 10.5000000 0.1500242
-0.5000000 0.5000000 -0.5000000 0.0000000 -2.5000000 2.0000000 0.1500242
-0.5000000 0.0000000 0.5000000 -0.5000000 3.0000000 7.5000000 0.1500242
0.4999245 -0.4999245 0.4999245 0.4999245 2.4996225 2.4994715 0.27496375
-0.4999245 0.4999245 -0.4999245 -0.4999245 -2.4996225 7.5005285 0.27496375
}

024043a {; Anthony Hanmer 18/1/2007, Designed with BRAZIL
0.5000000 0.0000000 0.0000000 -0.5000000 0.0000000 10.5000000 0.1500242
-0.5000000 0.5000000 -0.5000000 0.0000000 -2.5000000 2.0000000 0.1500242
0.5000000 0.0000000 -0.5000000 -0.5000000 3.0000000 7.5000000 0.1500242
0.4999245 -0.4999245 0.4999245 0.4999245 2.4996225 2.4994715 0.27496375
-0.4999245 0.4999245 -0.4999245 -0.4999245 -2.4996225 7.5005285 0.27496375
}

024044a {; Anthony Hanmer 18/1/2007, Designed with BRAZIL
0.5000000 0.0000000 0.0000000 -0.5000000 0.0000000 10.5000000 0.1500242
-0.5000000 0.5000000 -0.5000000 0.0000000 -2.5000000 2.0000000 0.1500242
0.5000000 0.0000000 -0.5000000 0.5000000 -3.0000000 2.5000000 0.1500242
0.4999245 -0.4999245 0.4999245 0.4999245 2.4996225 2.4994715 0.27496375
-0.4999245 0.4999245 -0.4999245 -0.4999245 -2.4996225 7.5005285 0.27496375
}

024045a {; Anthony Hanmer 18/1/2007, Designed with BRAZIL
0.5000000 0.0000000 0.0000000 -0.5000000 0.0000000 10.5000000 0.1500242
-0.5000000 0.5000000 -0.5000000 0.0000000 -2.5000000 2.0000000 0.1500242
0.5000000 0.0000000 -0.5000000 0.5000000 3.0000000 2.5000000 0.1500242
0.4999245 -0.4999245 0.4999245 0.4999245 2.4996225 2.4994715 0.27496375
-0.4999245 0.4999245 -0.4999245 -0.4999245 -2.4996225 7.5005285 0.27496375
}

024046a {; Anthony Hanmer 18/1/2007, Designed with BRAZIL
0.5000000 0.0000000 0.0000000 -0.5000000 0.0000000 10.5000000 0.1500242
-0.5000000 0.5000000 -0.5000000 0.0000000 -2.5000000 2.0000000 0.1500242
-0.5000000 0.0000000 0.5000000 0.5000000 -3.0000000 2.5000000 0.1500242
0.4999245 -0.4999245 0.4999245 0.4999245 2.4996225 2.4994715 0.27496375
-0.4999245 0.4999245 -0.4999245 -0.4999245 -2.4996225 7.5005285 0.27496375
}

024047a {; Anthony Hanmer 18/1/2007, Designed with BRAZIL
0.5000000 0.0000000 0.0000000 -0.5000000 0.0000000 10.5000000 0.1500242
-0.5000000 0.5000000 -0.5000000 0.0000000 -2.5000000 2.0000000 0.1500242
-0.5000000 0.0000000 0.5000000 0.5000000 3.0000000 2.5000000 0.1500242
0.4999245 -0.4999245 0.4999245 0.4999245 2.4996225 2.4994715 0.27496375
-0.4999245 0.4999245 -0.4999245 -0.4999245 -2.4996225 7.5005285 0.27496375
}

024048a {; Anthony Hanmer 18/1/2007, Designed with BRAZIL
0.5000000 0.0000000 0.0000000 -0.5000000 0.0000000 10.5000000 0.1500242
-0.5000000 0.5000000 -0.5000000 0.0000000 -2.5000000 2.0000000 0.1500242
-0.5000000 -0.5000000 -0.5000000 0.0000000 2.5000000 2.0000000 0.1500242
0.4999245 -0.4999245 0.4999245 0.4999245 2.4996225 2.4994715 0.27496375
-0.4999245 0.4999245 -0.4999245 -0.4999245 -2.4996225 7.5005285 0.27496375
}

024049a {; Anthony Hanmer 18/1/2007, Designed with BRAZIL
0.5000000 0.0000000 0.0000000 -0.5000000 0.0000000 10.5000000 0.1500242
-0.5000000 0.5000000 -0.5000000 0.0000000 -2.5000000 2.0000000 0.1500242
-0.5000000 0.5000000 -0.5000000 0.0000000 -2.5000000 2.0000000 0.1500242
0.4999245 -0.4999245 0.4999245 0.4999245 2.4996225 2.4994715 0.27496375
-0.4999245 0.4999245 -0.4999245 -0.4999245 -2.4996225 7.5005285 0.27496375
}

024050a {; Anthony Hanmer 18/1/2007, Designed with BRAZIL
0.5000000 0.0000000 0.0000000 -0.5000000 0.0000000 10.5000000 0.1500242
-0.5000000 0.5000000 -0.5000000 0.0000000 -2.5000000 2.0000000 0.1500242
0.5000000 0.5000000 0.5000000 0.0000000 -2.5000000 8.0000000 0.1500242
0.4999245 -0.4999245 0.4999245 0.4999245 2.4996225 2.4994715 0.27496375
-0.4999245 0.4999245 -0.4999245 -0.4999245 -2.4996225 7.5005285 0.27496375
}

024051a {; Anthony Hanmer 18/1/2007, Designed with BRAZIL
0.5000000 0.0000000 0.0000000 -0.5000000 0.0000000 10.5000000 0.1500242
-0.5000000 0.5000000 -0.5000000 0.0000000 -2.5000000 2.0000000 0.1500242
0.5000000 -0.5000000 0.5000000 0.0000000 2.5000000 2.0000000 0.1500242
0.4999245 -0.4999245 0.4999245 0.4999245 2.4996225 2.4994715 0.27496375
-0.4999245 0.4999245 -0.4999245 -0.4999245 -2.4996225 7.5005285 0.27496375
}

024052a {; Anthony Hanmer 18/1/2007, Designed with BRAZIL
0.5000000 0.0000000 0.0000000 -0.5000000 0.0000000 10.5000000 0.1500242
-0.5000000 0.5000000 -0.5000000 0.0000000 -2.5000000 2.0000000 0.1500242
-0.5000000 0.0000000 0.0000000 -0.5000000 -3.0000000 4.5000000 0.1500242
0.4999245 -0.4999245 0.4999245 0.4999245 2.4996225 2.4994715 0.27496375
-0.4999245 0.4999245 -0.4999245 -0.4999245 -2.4996225 7.5005285 0.27496375
}

024053a {; Anthony Hanmer 18/1/2007, Designed with BRAZIL
0.5000000 0.0000000 0.0000000 -0.5000000 0.0000000 10.5000000 0.1500242
-0.5000000 0.5000000 -0.5000000 0.0000000 -2.5000000 2.0000000 0.1500242
-0.5000000 0.0000000 0.0000000 -0.5000000 3.0000000 4.5000000 0.1500242
0.4999245 -0.4999245 0.4999245 0.4999245 2.4996225 2.4994715 0.27496375
-0.4999245 0.4999245 -0.4999245 -0.4999245 -2.4996225 7.5005285 0.27496375
}

024054a {; Anthony Hanmer 18/1/2007, Designed with BRAZIL
0.5000000 0.0000000 0.0000000 -0.5000000 0.0000000 10.5000000 0.1500242
-0.5000000 0.5000000 -0.5000000 0.0000000 -2.5000000 2.0000000 0.1500242
-0.5000000 0.0000000 0.0000000 -0.5000000 3.0000000 10.5000000 0.1500242
0.4999245 -0.4999245 0.4999245 0.4999245 2.4996225 2.4994715 0.27496375
-0.4999245 0.4999245 -0.4999245 -0.4999245 -2.4996225 7.5005285 0.27496375
}

024055a {; Anthony Hanmer 18/1/2007, Designed with BRAZIL
0.5000000 0.0000000 0.0000000 -0.5000000 0.0000000 10.5000000 0.1500242
-0.5000000 0.5000000 -0.5000000 0.0000000 -2.5000000 2.0000000 0.1500242
-0.5000000 0.0000000 0.0000000 -0.5000000 -3.0000000 10.5000000 0.1500242
0.4999245 -0.4999245 0.4999245 0.4999245 2.4996225 2.4994715 0.27496375
-0.4999245 0.4999245 -0.4999245 -0.4999245 -2.4996225 7.5005285 0.27496375
}

024056a {; Anthony Hanmer 18/1/2007, Designed with BRAZIL
0.5000000 0.0000000 0.0000000 -0.5000000 0.0000000 10.5000000 0.1500242
-0.5000000 0.5000000 -0.5000000 0.0000000 -2.5000000 2.0000000 0.1500242
0.5000000 0.0000000 0.0000000 -0.5000000 3.0000000 10.5000000 0.1500242
0.4999245 -0.4999245 0.4999245 0.4999245 2.4996225 2.4994715 0.27496375
-0.4999245 0.4999245 -0.4999245 -0.4999245 -2.4996225 7.5005285 0.27496375
}

024057a {; Anthony Hanmer 18/1/2007, Designed with BRAZIL
0.5000000 0.0000000 0.0000000 -0.5000000 0.0000000 10.5000000 0.1500242
-0.5000000 0.5000000 -0.5000000 0.0000000 -2.5000000 2.0000000 0.1500242
0.5000000 0.0000000 0.0000000 -0.5000000 3.0000000 4.5000000 0.1500242
0.4999245 -0.4999245 0.4999245 0.4999245 2.4996225 2.4994715 0.27496375
-0.4999245 0.4999245 -0.4999245 -0.4999245 -2.4996225 7.5005285 0.27496375
}

024058a {; Anthony Hanmer 18/1/2007, Designed with BRAZIL
0.5000000 0.0000000 0.0000000 -0.5000000 0.0000000 10.5000000 0.1500242
-0.5000000 0.5000000 -0.5000000 0.0000000 -2.5000000 2.0000000 0.1500242
0.5000000 0.0000000 0.0000000 -0.5000000 -3.0000000 4.5000000 0.1500242
0.4999245 -0.4999245 0.4999245 0.4999245 2.4996225 2.4994715 0.27496375
-0.4999245 0.4999245 -0.4999245 -0.4999245 -2.4996225 7.5005285 0.27496375
}

024059a {; Anthony Hanmer 18/1/2007, Designed with BRAZIL
0.5000000 0.0000000 0.0000000 -0.5000000 0.0000000 10.5000000 0.1500242
-0.5000000 0.5000000 -0.5000000 0.0000000 -2.5000000 2.0000000 0.1500242
0.5000000 0.0000000 0.0000000 -0.5000000 -3.0000000 10.5000000 0.1500242
0.4999245 -0.4999245 0.4999245 0.4999245 2.4996225 2.4994715 0.27496375
-0.4999245 0.4999245 -0.4999245 -0.4999245 -2.4996225 7.5005285 0.27496375
}

024060a {; Anthony Hanmer 18/1/2007, Designed with BRAZIL
0.5000000 0.0000000 0.0000000 -0.5000000 0.0000000 10.5000000 0.1500242
-0.5000000 0.5000000 -0.5000000 0.0000000 -2.5000000 2.0000000 0.1500242
-0.5000000 0.0000000 0.0000000 0.5000000 -3.0000000 5.5000000 0.1500242
0.4999245 -0.4999245 0.4999245 0.4999245 2.4996225 2.4994715 0.27496375
-0.4999245 0.4999245 -0.4999245 -0.4999245 -2.4996225 7.5005285 0.27496375
}

024061a {; Anthony Hanmer 18/1/2007, Designed with BRAZIL
0.5000000 0.0000000 0.0000000 -0.5000000 0.0000000 10.5000000 0.1500242
-0.5000000 0.5000000 -0.5000000 0.0000000 -2.5000000 2.0000000 0.1500242
-0.5000000 0.0000000 0.0000000 0.5000000 3.0000000 5.5000000 0.1500242
0.4999245 -0.4999245 0.4999245 0.4999245 2.4996225 2.4994715 0.27496375
-0.4999245 0.4999245 -0.4999245 -0.4999245 -2.4996225 7.5005285 0.27496375
}

024062a {; Anthony Hanmer 18/1/2007, Designed with BRAZIL
0.5000000 0.0000000 0.0000000 -0.5000000 0.0000000 10.5000000 0.1500242
-0.5000000 0.5000000 -0.5000000 0.0000000 -2.5000000 2.0000000 0.1500242
-0.5000000 0.0000000 0.0000000 0.5000000 3.0000000 -0.5000000 0.1500242
0.4999245 -0.4999245 0.4999245 0.4999245 2.4996225 2.4994715 0.27496375
-0.4999245 0.4999245 -0.4999245 -0.4999245 -2.4996225 7.5005285 0.27496375
}

024063a {; Anthony Hanmer 18/1/2007, Designed with BRAZIL
0.5000000 0.0000000 0.0000000 -0.5000000 0.0000000 10.5000000 0.1500242
-0.5000000 0.5000000 -0.5000000 0.0000000 -2.5000000 2.0000000 0.1500242
-0.5000000 0.0000000 0.0000000 0.5000000 -3.0000000 -0.5000000 0.1500242
0.4999245 -0.4999245 0.4999245 0.4999245 2.4996225 2.4994715 0.27496375
-0.4999245 0.4999245 -0.4999245 -0.4999245 -2.4996225 7.5005285 0.27496375
}

024064a {; Anthony Hanmer 18/1/2007, Designed with BRAZIL
0.5000000 0.0000000 0.0000000 -0.5000000 0.0000000 10.5000000 0.1500242
-0.5000000 0.5000000 -0.5000000 0.0000000 -2.5000000 2.0000000 0.1500242
0.5000000 0.0000000 0.0000000 0.5000000 3.0000000 -0.5000000 0.1500242
0.4999245 -0.4999245 0.4999245 0.4999245 2.4996225 2.4994715 0.27496375
-0.4999245 0.4999245 -0.4999245 -0.4999245 -2.4996225 7.5005285 0.27496375
}

024065a {; Anthony Hanmer 18/1/2007, Designed with BRAZIL
0.5000000 0.0000000 0.0000000 -0.5000000 0.0000000 10.5000000 0.1500242
-0.5000000 0.5000000 -0.5000000 0.0000000 -2.5000000 2.0000000 0.1500242
0.5000000 0.0000000 0.0000000 0.5000000 3.0000000 5.5000000 0.1500242
0.4999245 -0.4999245 0.4999245 0.4999245 2.4996225 2.4994715 0.27496375
-0.4999245 0.4999245 -0.4999245 -0.4999245 -2.4996225 7.5005285 0.27496375
}

024066a {; Anthony Hanmer 18/1/2007, Designed with BRAZIL
0.5000000 0.0000000 0.0000000 -0.5000000 0.0000000 10.5000000 0.1500242
-0.5000000 0.5000000 -0.5000000 0.0000000 -2.5000000 2.0000000 0.1500242
0.5000000 0.0000000 0.0000000 0.5000000 -3.0000000 5.5000000 0.1500242
0.4999245 -0.4999245 0.4999245 0.4999245 2.4996225 2.4994715 0.27496375
-0.4999245 0.4999245 -0.4999245 -0.4999245 -2.4996225 7.5005285 0.27496375
}

024067a {; Anthony Hanmer 18/1/2007, Designed with BRAZIL
0.5000000 0.0000000 0.0000000 -0.5000000 0.0000000 10.5000000 0.1500242
-0.5000000 0.5000000 -0.5000000 0.0000000 -2.5000000 2.0000000 0.1500242
0.5000000 0.0000000 0.0000000 0.5000000 -3.0000000 -0.5000000 0.1500242
0.4999245 -0.4999245 0.4999245 0.4999245 2.4996225 2.4994715 0.27496375
-0.4999245 0.4999245 -0.4999245 -0.4999245 -2.4996225 7.5005285 0.27496375
}

024068a {; Anthony Hanmer 18/1/2007, Designed with BRAZIL
0.5000000 0.0000000 0.0000000 -0.5000000 0.0000000 10.5000000 0.1500242
-0.5000000 0.5000000 -0.5000000 0.0000000 -2.5000000 2.0000000 0.1500242
0.0000000 0.5000000 -0.5000000 0.0000000 -5.5000000 2.0000000 0.1500242
0.4999245 -0.4999245 0.4999245 0.4999245 2.4996225 2.4994715 0.27496375
-0.4999245 0.4999245 -0.4999245 -0.4999245 -2.4996225 7.5005285 0.27496375
}

024069a {; Anthony Hanmer 18/1/2007, Designed with BRAZIL
0.5000000 0.0000000 0.0000000 -0.5000000 0.0000000 10.5000000 0.1500242
-0.5000000 0.5000000 -0.5000000 0.0000000 -2.5000000 2.0000000 0.1500242
0.0000000 0.5000000 -0.5000000 0.0000000 0.5000000 2.0000000 0.1500242
0.4999245 -0.4999245 0.4999245 0.4999245 2.4996225 2.4994715 0.27496375
-0.4999245 0.4999245 -0.4999245 -0.4999245 -2.4996225 7.5005285 0.27496375
}

024070a {; Anthony Hanmer 18/1/2007, Designed with BRAZIL
0.5000000 0.0000000 0.0000000 -0.5000000 0.0000000 10.5000000 0.1500242
-0.5000000 0.5000000 -0.5000000 0.0000000 -2.5000000 2.0000000 0.1500242
0.0000000 0.5000000 -0.5000000 0.0000000 0.5000000 8.0000000 0.1500242
0.4999245 -0.4999245 0.4999245 0.4999245 2.4996225 2.4994715 0.27496375
-0.4999245 0.4999245 -0.4999245 -0.4999245 -2.4996225 7.5005285 0.27496375
}

024071a {; Anthony Hanmer 18/1/2007, Designed with BRAZIL
0.5000000 0.0000000 0.0000000 -0.5000000 0.0000000 10.5000000 0.1500242
-0.5000000 0.5000000 -0.5000000 0.0000000 -2.5000000 2.0000000 0.1500242
0.0000000 0.5000000 -0.5000000 0.0000000 -5.5000000 8.0000000 0.1500242
0.4999245 -0.4999245 0.4999245 0.4999245 2.4996225 2.4994715 0.27496375
-0.4999245 0.4999245 -0.4999245 -0.4999245 -2.4996225 7.5005285 0.27496375
}

024072a {; Anthony Hanmer 18/1/2007, Designed with BRAZIL
0.5000000 0.0000000 0.0000000 -0.5000000 0.0000000 10.5000000 0.1500242
-0.5000000 0.5000000 -0.5000000 0.0000000 -2.5000000 2.0000000 0.1500242
0.5000000 0.0000000 0.0000000 -0.5000000 0.0000000 10.5000000 0.1500242
0.4999245 -0.4999245 0.4999245 0.4999245 2.4996225 2.4994715 0.27496375
-0.4999245 0.4999245 -0.4999245 -0.4999245 -2.4996225 7.5005285 0.27496375
}

024073a {; Anthony Hanmer 18/1/2007, Designed with BRAZIL
0.5000000 0.0000000 0.0000000 -0.5000000 0.0000000 10.5000000 0.1500242
-0.5000000 0.5000000 -0.5000000 0.0000000 -2.5000000 2.0000000 0.1500242
0.0000000 0.5000000 0.5000000 0.0000000 0.5000000 8.0000000 0.1500242
0.4999245 -0.4999245 0.4999245 0.4999245 2.4996225 2.4994715 0.27496375
-0.4999245 0.4999245 -0.4999245 -0.4999245 -2.4996225 7.5005285 0.27496375
}

024074a {; Anthony Hanmer 18/1/2007, Designed with BRAZIL
0.5000000 0.0000000 0.0000000 -0.5000000 0.0000000 10.5000000 0.1500242
-0.5000000 0.5000000 -0.5000000 0.0000000 -2.5000000 2.0000000 0.1500242
0.0000000 0.5000000 0.5000000 0.0000000 0.5000000 2.0000000 0.1500242
0.4999245 -0.4999245 0.4999245 0.4999245 2.4996225 2.4994715 0.27496375
-0.4999245 0.4999245 -0.4999245 -0.4999245 -2.4996225 7.5005285 0.27496375
}

024075a {; Anthony Hanmer 18/1/2007, Designed with BRAZIL
0.5000000 0.0000000 0.0000000 -0.5000000 0.0000000 10.5000000 0.1500242
-0.5000000 0.5000000 -0.5000000 0.0000000 -2.5000000 2.0000000 0.1500242
0.0000000 0.5000000 0.5000000 0.0000000 -5.5000000 2.0000000 0.1500242
0.4999245 -0.4999245 0.4999245 0.4999245 2.4996225 2.4994715 0.27496375
-0.4999245 0.4999245 -0.4999245 -0.4999245 -2.4996225 7.5005285 0.27496375
}

024076a {; Anthony Hanmer 18/1/2007, Designed with BRAZIL
0.5000000 0.0000000 0.0000000 -0.5000000 0.0000000 10.5000000 0.1500242
-0.5000000 0.5000000 -0.5000000 0.0000000 -2.5000000 2.0000000 0.1500242
0.0000000 -0.5000000 0.5000000 0.0000000 -0.5000000 2.0000000 0.1500242
0.4999245 -0.4999245 0.4999245 0.4999245 2.4996225 2.4994715 0.27496375
-0.4999245 0.4999245 -0.4999245 -0.4999245 -2.4996225 7.5005285 0.27496375
}

024077a {; Anthony Hanmer 18/1/2007, Designed with BRAZIL
0.5000000 0.0000000 0.0000000 -0.5000000 0.0000000 10.5000000 0.1500242
-0.5000000 0.5000000 -0.5000000 0.0000000 -2.5000000 2.0000000 0.1500242
0.0000000 -0.5000000 0.5000000 0.0000000 5.5000000 2.0000000 0.1500242
0.4999245 -0.4999245 0.4999245 0.4999245 2.4996225 2.4994715 0.27496375
-0.4999245 0.4999245 -0.4999245 -0.4999245 -2.4996225 7.5005285 0.27496375
}

024078a {; Anthony Hanmer 18/1/2007, Designed with BRAZIL
0.5000000 0.0000000 0.0000000 -0.5000000 0.0000000 10.5000000 0.1500242
-0.5000000 0.5000000 -0.5000000 0.0000000 -2.5000000 2.0000000 0.1500242
0.0000000 -0.5000000 0.5000000 0.0000000 5.5000000 8.0000000 0.1500242
0.4999245 -0.4999245 0.4999245 0.4999245 2.4996225 2.4994715 0.27496375
-0.4999245 0.4999245 -0.4999245 -0.4999245 -2.4996225 7.5005285 0.27496375
}

024079a {; Anthony Hanmer 18/1/2007, Designed with BRAZIL
0.5000000 0.0000000 0.0000000 -0.5000000 0.0000000 10.5000000 0.1500242
-0.5000000 0.5000000 -0.5000000 0.0000000 -2.5000000 2.0000000 0.1500242
0.0000000 -0.5000000 0.5000000 0.0000000 -0.5000000 8.0000000 0.1500242
0.4999245 -0.4999245 0.4999245 0.4999245 2.4996225 2.4994715 0.27496375
-0.4999245 0.4999245 -0.4999245 -0.4999245 -2.4996225 7.5005285 0.27496375
}

024080a {; Anthony Hanmer 18/1/2007, Designed with BRAZIL
0.5000000 0.0000000 0.0000000 -0.5000000 0.0000000 10.5000000 0.1500242
-0.5000000 0.5000000 -0.5000000 0.0000000 -2.5000000 2.0000000 0.1500242
0.0000000 -0.5000000 -0.5000000 0.0000000 -0.5000000 2.0000000 0.1500242
0.4999245 -0.4999245 0.4999245 0.4999245 2.4996225 2.4994715 0.27496375
-0.4999245 0.4999245 -0.4999245 -0.4999245 -2.4996225 7.5005285 0.27496375
}

024081a {; Anthony Hanmer 18/1/2007, Designed with BRAZIL
0.5000000 0.0000000 0.0000000 -0.5000000 0.0000000 10.5000000 0.1500242
-0.5000000 0.5000000 -0.5000000 0.0000000 -2.5000000 2.0000000 0.1500242
0.0000000 -0.5000000 -0.5000000 0.0000000 5.5000000 2.0000000 0.1500242
0.4999245 -0.4999245 0.4999245 0.4999245 2.4996225 2.4994715 0.27496375
-0.4999245 0.4999245 -0.4999245 -0.4999245 -2.4996225 7.5005285 0.27496375
}

024082a {; Anthony Hanmer 18/1/2007, Designed with BRAZIL
