029985a {; Anthony Hanmer 18/1/2007, Designed with BRAZIL
0.0000000 -0.5000000 -0.5000000 0.0000000 -0.5000000 5.0000000 0.1500242
0.5000000 0.5000000 0.5000000 0.0000000 -2.5000000 8.000000 0.1500242
0.6728164 0.0064108 0.0000000 0.3715724 1.8953090 6.8955724 0.1500242
0.4999245 -0.4999245 0.4999245 0.4999245 2.4996225 2.4994715 0.27496375
-0.4999245 0.4999245 -0.4999245 -0.4999245 -2.4996225 7.5005285 0.27496375
}

029986a {; Anthony Hanmer 18/1/2007, Designed with BRAZIL
0.0000000 -0.5000000 -0.5000000 0.0000000 -0.5000000 5.0000000 0.1500242
0.5000000 0.5000000 0.5000000 0.0000000 -2.5000000 8.000000 0.1500242
0.6728164 0.0064108 0.0000000 0.3715724 1.8953090 -0.6284276 0.1500242
0.4999245 -0.4999245 0.4999245 0.4999245 2.4996225 2.4994715 0.27496375
-0.4999245 0.4999245 -0.4999245 -0.4999245 -2.4996225 7.5005285 0.27496375
}

029987a {; Anthony Hanmer 18/1/2007, Designed with BRAZIL
0.0000000 -0.5000000 -0.5000000 0.0000000 -0.5000000 5.0000000 0.1500242
0.5000000 0.5000000 0.5000000 0.0000000 -2.5000000 8.000000 0.1500242
0.6728164 0.0064108 0.0000000 0.3715724 -1.9566910 -0.6284276 0.1500242
0.4999245 -0.4999245 0.4999245 0.4999245 2.4996225 2.4994715 0.27496375
-0.4999245 0.4999245 -0.4999245 -0.4999245 -2.4996225 7.5005285 0.27496375
}

029988a {; Anthony Hanmer 18/1/2007, Designed with BRAZIL
0.0000000 -0.5000000 -0.5000000 0.0000000 -0.5000000 5.0000000 0.1500242
0.5000000 0.5000000 0.5000000 0.0000000 -2.5000000 8.000000 0.1500242
-0.6728164 0.0064108 0.0000000 0.3715724 -1.9304874 -0.6284276 0.1500242
0.4999245 -0.4999245 0.4999245 0.4999245 2.4996225 2.4994715 0.27496375
-0.4999245 0.4999245 -0.4999245 -0.4999245 -2.4996225 7.5005285 0.27496375
}

029989a {; Anthony Hanmer 18/1/2007, Designed with BRAZIL
0.0000000 -0.5000000 -0.5000000 0.0000000 -0.5000000 5.0000000 0.1500242
0.5000000 0.5000000 0.5000000 0.0000000 -2.5000000 8.000000 0.1500242
-0.6728164 -0.0082518 0.0000000 0.3715724 1.9548501 -0.6284276 0.1500242
0.4999245 -0.4999245 0.4999245 0.4999245 2.4996225 2.4994715 0.27496375
-0.4999245 0.4999245 -0.4999245 -0.4999245 -2.4996225 7.5005285 0.27496375
}

029990a {; Anthony Hanmer 18/1/2007, Designed with BRAZIL
0.0000000 -0.5000000 -0.5000000 0.0000000 -0.5000000 5.0000000 0.1500242
0.5000000 0.5000000 0.5000000 0.0000000 -2.5000000 8.000000 0.1500242
-0.6728164 -0.0082518 0.0000000 0.3715724 1.9548501 6.9075724 0.1500242
0.4999245 -0.4999245 0.4999245 0.4999245 2.4996225 2.4994715 0.27496375
-0.4999245 0.4999245 -0.4999245 -0.4999245 -2.4996225 7.5005285 0.27496375
}

029991a {; Anthony Hanmer 18/1/2007, Designed with BRAZIL
0.0000000 -0.5000000 -0.5000000 0.0000000 -0.5000000 5.0000000 0.1500242
0.5000000 0.5000000 0.5000000 0.0000000 -2.5000000 8.000000 0.1500242
0.0000000 -0.3715724 0.6728164 0.0064108 -1.8955724 3.0433090 0.1500242
0.4999245 -0.4999245 0.4999245 0.4999245 2.4996225 2.4994715 0.27496375
-0.4999245 0.4999245 -0.4999245 -0.4999245 -2.4996225 7.5005285 0.27496375
}

029992a {; Anthony Hanmer 18/1/2007, Designed with BRAZIL
0.0000000 -0.5000000 -0.5000000 0.0000000 -0.5000000 5.0000000 0.1500242
0.5000000 0.5000000 0.5000000 0.0000000 -2.5000000 8.000000 0.1500242
0.0000000 -0.3715724 0.6728164 0.0064108 5.6284276 3.0433090 0.1500242
0.4999245 -0.4999245 0.4999245 0.4999245 2.4996225 2.4994715 0.27496375
-0.4999245 0.4999245 -0.4999245 -0.4999245 -2.4996225 7.5005285 0.27496375
}

029993a {; Anthony Hanmer 18/1/2007, Designed with BRAZIL
0.0000000 -0.5000000 -0.5000000 0.0000000 -0.5000000 5.0000000 0.1500242
0.5000000 0.5000000 0.5000000 0.0000000 -2.5000000 8.000000 0.1500242
0.0000000 -0.3715724 0.6728164 0.0064108 5.6284276 6.9073090 0.1500242
0.4999245 -0.4999245 0.4999245 0.4999245 2.4996225 2.4994715 0.27496375
-0.4999245 0.4999245 -0.4999245 -0.4999245 -2.4996225 7.5005285 0.27496375
}

029994a {; Anthony Hanmer 18/1/2007, Designed with BRAZIL
0.0000000 -0.5000000 -0.5000000 0.0000000 -0.5000000 5.0000000 0.1500242
0.5000000 0.5000000 0.5000000 0.0000000 -2.5000000 8.000000 0.1500242
0.0000000 -0.3715724 0.6728164 -0.0082518 -1.8955724 6.9406464 0.1500242
0.4999245 -0.4999245 0.4999245 0.4999245 2.4996225 2.4994715 0.27496375
-0.4999245 0.4999245 -0.4999245 -0.4999245 -2.4996225 7.5005285 0.27496375
}

029995a {; Anthony Hanmer 18/1/2007, Designed with BRAZIL
0.0000000 -0.5000000 -0.5000000 0.0000000 -0.5000000 5.0000000 0.1500242
0.5000000 0.5000000 0.5000000 0.0000000 -2.5000000 8.000000 0.1500242
0.0000000 0.3715724 0.6728164 -0.0064108 1.9315724 6.9544874 0.1500242
0.4999245 -0.4999245 0.4999245 0.4999245 2.4996225 2.4994715 0.27496375
-0.4999245 0.4999245 -0.4999245 -0.4999245 -2.4996225 7.5005285 0.27496375
}

029996a {; Anthony Hanmer 18/1/2007, Designed with BRAZIL
0.0000000 -0.5000000 -0.5000000 0.0000000 -0.5000000 5.0000000 0.1500242
0.5000000 0.5000000 0.5000000 0.0000000 -2.5000000 8.000000 0.1500242
0.0000000 0.3715724 0.6728164 0.0082518 1.9195724 3.0451499 0.1500242
0.4999245 -0.4999245 0.4999245 0.4999245 2.4996225 2.4994715 0.27496375
-0.4999245 0.4999245 -0.4999245 -0.4999245 -2.4996225 7.5005285 0.27496375
}

029997a {; Anthony Hanmer 18/1/2007, Designed with BRAZIL
0.0000000 -0.5000000 -0.5000000 0.0000000 -0.5000000 5.0000000 0.1500242
0.5000000 0.5000000 0.5000000 0.0000000 -2.5000000 8.000000 0.1500242
0.0000000 0.3715724 0.6728164 0.0082518 -5.6284276 3.0451499 0.1500242
0.4999245 -0.4999245 0.4999245 0.4999245 2.4996225 2.4994715 0.27496375
-0.4999245 0.4999245 -0.4999245 -0.4999245 -2.4996225 7.5005285 0.27496375
}

029998a {; Anthony Hanmer 18/1/2007, Designed with BRAZIL
0.0000000 -0.5000000 -0.5000000 0.0000000 -0.5000000 5.0000000 0.1500242
0.5000000 0.5000000 0.5000000 0.0000000 -2.5000000 8.000000 0.1500242
0.0000000 0.3715724 -0.6728164 0.0082518 -5.6284276 3.0353536 0.1500242
0.4999245 -0.4999245 0.4999245 0.4999245 2.4996225 2.4994715 0.27496375
-0.4999245 0.4999245 -0.4999245 -0.4999245 -2.4996225 7.5005285 0.27496375
}

029999a {; Anthony Hanmer 18/1/2007, Designed with BRAZIL
0.0000000 -0.5000000 -0.5000000 0.0000000 -0.5000000 5.0000000 0.1500242
0.5000000 0.5000000 0.5000000 0.0000000 -2.5000000 8.000000 0.1500242
0.0000000 0.3715724 -0.6728164 0.0082518 1.9195724 3.0353536 0.1500242
0.4999245 -0.4999245 0.4999245 0.4999245 2.4996225 2.4994715 0.27496375
-0.4999245 0.4999245 -0.4999245 -0.4999245 -2.4996225 7.5005285 0.27496375
}

030000a {; Anthony Hanmer 18/1/2007, Designed with BRAZIL
0.0000000 0.5000000 -0.5000000 0.0000000 -2.5000000 8.0000000 0.1500242
0.5000000 0.5000000 0.5000000 0.0000000 -2.5000000 8.000000 0.1500242
0.6728164 0.0064108 0.0000000 0.3715724 -1.9566910 -0.6284276 0.1500242
0.4999245 -0.4999245 0.4999245 0.4999245 2.4996225 2.4994715 0.27496375
-0.4999245 0.4999245 -0.4999245 -0.4999245 -2.4996225 7.5005285 0.27496375
}

030001a {; Anthony Hanmer 18/1/2007, Designed with BRAZIL
0.0000000 0.5000000 -0.5000000 0.0000000 -2.5000000 8.0000000 0.1500242
0.5000000 0.5000000 0.5000000 0.0000000 -2.5000000 8.000000 0.1500242
0.5000000 -0.5000000 0.0000000 -0.5000000 2.5000000 4.5000000 0.1500242
0.4999245 -0.4999245 0.4999245 0.4999245 2.4996225 2.4994715 0.27496375
-0.4999245 0.4999245 -0.4999245 -0.4999245 -2.4996225 7.5005285 0.27496375
}

030002a {; Anthony Hanmer 18/1/2007, Designed with BRAZIL
0.0000000 0.5000000 -0.5000000 0.0000000 -2.5000000 8.0000000 0.1500242
0.5000000 0.5000000 0.5000000 0.0000000 -2.5000000 8.000000 0.1500242
0.5000000 0.5000000 0.0000000 -0.5000000 -2.5000000 4.5000000 0.1500242
0.4999245 -0.4999245 0.4999245 0.4999245 2.4996225 2.4994715 0.27496375
-0.4999245 0.4999245 -0.4999245 -0.4999245 -2.4996225 7.5005285 0.27496375
}

030003a {; Anthony Hanmer 18/1/2007, Designed with BRAZIL
0.0000000 0.5000000 -0.5000000 0.0000000 -2.5000000 8.0000000 0.1500242
0.5000000 0.5000000 0.5000000 0.0000000 -2.5000000 8.000000 0.1500242
0.5000000 0.5000000 0.5000000 0.0000000 -2.5000000 2.0000000 0.1500242
0.4999245 -0.4999245 0.4999245 0.4999245 2.4996225 2.4994715 0.27496375
-0.4999245 0.4999245 -0.4999245 -0.4999245 -2.4996225 7.5005285 0.27496375
}

030004a {; Anthony Hanmer 18/1/2007, Designed with BRAZIL
0.0000000 0.5000000 -0.5000000 0.0000000 -2.5000000 8.0000000 0.1500242
0.5000000 0.5000000 0.5000000 0.0000000 -2.5000000 8.000000 0.1500242
0.5000000 0.0000000 0.5000000 -0.5000000 -3.0000000 7.5000000 0.1500242
0.4999245 -0.4999245 0.4999245 0.4999245 2.4996225 2.4994715 0.27496375
-0.4999245 0.4999245 -0.4999245 -0.4999245 -2.4996225 7.5005285 0.27496375
}

030005a {; Anthony Hanmer 18/1/2007, Designed with BRAZIL
0.0000000 0.5000000 -0.5000000 0.0000000 -2.5000000 8.0000000 0.1500242
0.5000000 0.5000000 0.5000000 0.0000000 -2.5000000 8.000000 0.1500242
0.5000000 0.0000000 -0.5000000 -0.5000000 -3.0000000 7.5000000 0.1500242
0.4999245 -0.4999245 0.4999245 0.4999245 2.4996225 2.4994715 0.27496375
-0.4999245 0.4999245 -0.4999245 -0.4999245 -2.4996225 7.5005285 0.27496375
}

030006a {; Anthony Hanmer 18/1/2007, Designed with BRAZIL
0.0000000 0.5000000 -0.5000000 0.0000000 -2.5000000 8.0000000 0.1500242
0.5000000 0.5000000 0.5000000 0.0000000 -2.5000000 8.000000 0.1500242
0.5000000 0.0000000 -0.5000000 -0.5000000 3.0000000 7.5000000 0.1500242
0.4999245 -0.4999245 0.4999245 0.4999245 2.4996225 2.4994715 0.27496375
-0.4999245 0.4999245 -0.4999245 -0.4999245 -2.4996225 7.5005285 0.27496375
}

030007a {; Anthony Hanmer 18/1/2007, Designed with BRAZIL
0.0000000 0.5000000 -0.5000000 0.0000000 -2.5000000 8.0000000 0.1500242
0.5000000 0.5000000 0.5000000 0.0000000 -2.5000000 8.000000 0.1500242
0.5000000 -0.5000000 -0.5000000 0.0000000 2.5000000 8.0000000 0.1500242
0.4999245 -0.4999245 0.4999245 0.4999245 2.4996225 2.4994715 0.27496375
-0.4999245 0.4999245 -0.4999245 -0.4999245 -2.4996225 7.5005285 0.27496375
}

030008a {; Anthony Hanmer 18/1/2007, Designed with BRAZIL
0.0000000 0.5000000 -0.5000000 0.0000000 -2.5000000 8.0000000 0.1500242
0.5000000 0.5000000 0.5000000 0.0000000 -2.5000000 8.000000 0.1500242
0.5000000 -0.5000000 -0.5000000 0.0000000 2.5000000 2.0000000 0.1500242
0.4999245 -0.4999245 0.4999245 0.4999245 2.4996225 2.4994715 0.27496375
-0.4999245 0.4999245 -0.4999245 -0.4999245 -2.4996225 7.5005285 0.27496375
}

030009a {; Anthony Hanmer 18/1/2007, Designed with BRAZIL
0.0000000 0.5000000 -0.5000000 0.0000000 -2.5000000 8.0000000 0.1500242
0.5000000 0.5000000 0.5000000 0.0000000 -2.5000000 8.000000 0.1500242
-0.5000000 -0.5000000 0.0000000 -0.5000000 2.5000000 4.5000000 0.1500242
0.4999245 -0.4999245 0.4999245 0.4999245 2.4996225 2.4994715 0.27496375
-0.4999245 0.4999245 -0.4999245 -0.4999245 -2.4996225 7.5005285 0.27496375
}

030010a {; Anthony Hanmer 18/1/2007, Designed with BRAZIL
0.0000000 0.5000000 -0.5000000 0.0000000 -2.5000000 8.0000000 0.1500242
0.5000000 0.5000000 0.5000000 0.0000000 -2.5000000 8.000000 0.1500242
-0.5000000 -0.5000000 0.0000000 -0.5000000 2.5000000 10.5000000 0.1500242
0.4999245 -0.4999245 0.4999245 0.4999245 2.4996225 2.4994715 0.27496375
-0.4999245 0.4999245 -0.4999245 -0.4999245 -2.4996225 7.5005285 0.27496375
}

030011a {; Anthony Hanmer 18/1/2007, Designed with BRAZIL
0.0000000 0.5000000 -0.5000000 0.0000000 -2.5000000 8.0000000 0.1500242
0.5000000 0.5000000 0.5000000 0.0000000 -2.5000000 8.000000 0.1500242
-0.5000000 0.5000000 0.0000000 0.5000000 -2.5000000 5.5000000 0.1500242
0.4999245 -0.4999245 0.4999245 0.4999245 2.4996225 2.4994715 0.27496375
-0.4999245 0.4999245 -0.4999245 -0.4999245 -2.4996225 7.5005285 0.27496375
}

030012a {; Anthony Hanmer 18/1/2007, Designed with BRAZIL
0.0000000 0.5000000 -0.5000000 0.0000000 -2.5000000 8.0000000 0.1500242
0.5000000 0.5000000 0.5000000 0.0000000 -2.5000000 8.000000 0.1500242
-0.5000000 0.5000000 0.0000000 0.5000000 -2.5000000 -0.5000000 0.1500242
0.4999245 -0.4999245 0.4999245 0.4999245 2.4996225 2.4994715 0.27496375
-0.4999245 0.4999245 -0.4999245 -0.4999245 -2.4996225 7.5005285 0.27496375
}

030013a {; Anthony Hanmer 18/1/2007, Designed with BRAZIL
0.0000000 0.5000000 -0.5000000 0.0000000 -2.5000000 8.0000000 0.1500242
0.5000000 0.5000000 0.5000000 0.0000000 -2.5000000 8.000000 0.1500242
0.5000000 0.5000000 0.0000000 0.5000000 -2.5000000 -0.5000000 0.1500242
0.4999245 -0.4999245 0.4999245 0.4999245 2.4996225 2.4994715 0.27496375
-0.4999245 0.4999245 -0.4999245 -0.4999245 -2.4996225 7.5005285 0.27496375
}

030014a {; Anthony Hanmer 18/1/2007, Designed with BRAZIL
0.0000000 0.5000000 -0.5000000 0.0000000 -2.5000000 8.0000000 0.1500242
0.5000000 0.5000000 0.5000000 0.0000000 -2.5000000 8.000000 0.1500242
0.5000000 0.5000000 0.0000000 0.5000000 -2.5000000 5.5000000 0.1500242
0.4999245 -0.4999245 0.4999245 0.4999245 2.4996225 2.4994715 0.27496375
-0.4999245 0.4999245 -0.4999245 -0.4999245 -2.4996225 7.5005285 0.27496375
}

030015a {; Anthony Hanmer 18/1/2007, Designed with BRAZIL
0.0000000 0.5000000 -0.5000000 0.0000000 -2.5000000 8.0000000 0.1500242
0.5000000 0.5000000 0.5000000 0.0000000 -2.5000000 8.000000 0.1500242
0.0000000 -0.5000000 -0.5000000 0.5000000 -0.5000000 2.5000000 0.1500242
0.4999245 -0.4999245 0.4999245 0.4999245 2.4996225 2.4994715 0.27496375
-0.4999245 0.4999245 -0.4999245 -0.4999245 -2.4996225 7.5005285 0.27496375
}

030016a {; Anthony Hanmer 18/1/2007, Designed with BRAZIL
0.0000000 0.5000000 -0.5000000 0.0000000 -2.5000000 8.0000000 0.1500242
0.5000000 0.5000000 0.5000000 0.0000000 -2.5000000 8.000000 0.1500242
0.0000000 -0.5000000 -0.5000000 0.5000000 5.5000000 2.5000000 0.1500242
0.4999245 -0.4999245 0.4999245 0.4999245 2.4996225 2.4994715 0.27496375
-0.4999245 0.4999245 -0.4999245 -0.4999245 -2.4996225 7.5005285 0.27496375
}

030017a {; Anthony Hanmer 18/1/2007, Designed with BRAZIL
0.0000000 0.5000000 -0.5000000 0.0000000 -2.5000000 8.0000000 0.1500242
0.5000000 0.5000000 0.5000000 0.0000000 -2.5000000 8.000000 0.1500242
0.0000000 -0.5000000 0.5000000 0.5000000 5.5000000 2.5000000 0.1500242
0.4999245 -0.4999245 0.4999245 0.4999245 2.4996225 2.4994715 0.27496375
-0.4999245 0.4999245 -0.4999245 -0.4999245 -2.4996225 7.5005285 0.27496375
}

030018a {; Anthony Hanmer 18/1/2007, Designed with BRAZIL
0.0000000 0.5000000 -0.5000000 0.0000000 -2.5000000 8.0000000 0.1500242
0.5000000 0.5000000 0.5000000 0.0000000 -2.5000000 8.000000 0.1500242
0.0000000 -0.5000000 0.5000000 0.5000000 -0.5000000 2.5000000 0.1500242
0.4999245 -0.4999245 0.4999245 0.4999245 2.4996225 2.4994715 0.27496375
-0.4999245 0.4999245 -0.4999245 -0.4999245 -2.4996225 7.5005285 0.27496375
}

030019a {; Anthony Hanmer 18/1/2007, Designed with BRAZIL
0.0000000 0.5000000 -0.5000000 0.0000000 -2.5000000 8.0000000 0.1500242
0.5000000 0.5000000 0.5000000 0.0000000 -2.5000000 8.000000 0.1500242
0.0000000 0.5000000 0.5000000 -0.5000000 0.5000000 7.5000000 0.1500242
0.4999245 -0.4999245 0.4999245 0.4999245 2.4996225 2.4994715 0.27496375
-0.4999245 0.4999245 -0.4999245 -0.4999245 -2.4996225 7.5005285 0.27496375
}

030020a {; Anthony Hanmer 18/1/2007, Designed with BRAZIL
0.0000000 0.5000000 -0.5000000 0.0000000 -2.5000000 8.0000000 0.1500242
0.5000000 0.5000000 0.5000000 0.0000000 -2.5000000 8.000000 0.1500242
0.0000000 0.5000000 0.5000000 -0.5000000 -5.5000000 7.5000000 0.1500242
0.4999245 -0.4999245 0.4999245 0.4999245 2.4996225 2.4994715 0.27496375
-0.4999245 0.4999245 -0.4999245 -0.4999245 -2.4996225 7.5005285 0.27496375
}

030021a {; Anthony Hanmer 18/1/2007, Designed with BRAZIL
0.0000000 0.5000000 -0.5000000 0.0000000 -2.5000000 8.0000000 0.1500242
0.5000000 0.5000000 0.5000000 0.0000000 -2.5000000 8.000000 0.1500242
0.0000000 0.5000000 -0.5000000 -0.5000000 -5.5000000 7.5000000 0.1500242
0.4999245 -0.4999245 0.4999245 0.4999245 2.4996225 2.4994715 0.27496375
-0.4999245 0.4999245 -0.4999245 -0.4999245 -2.4996225 7.5005285 0.27496375
}

030022a {; Anthony Hanmer 18/1/2007, Designed with BRAZIL
0.0000000 0.5000000 -0.5000000 0.0000000 -2.5000000 8.0000000 0.1500242
0.5000000 0.5000000 0.5000000 0.0000000 -2.5000000 8.000000 0.1500242
0.0000000 0.5000000 -0.5000000 -0.5000000 0.5000000 7.5000000 0.1500242
0.4999245 -0.4999245 0.4999245 0.4999245 2.4996225 2.4994715 0.27496375
-0.4999245 0.4999245 -0.4999245 -0.4999245 -2.4996225 7.5005285 0.27496375
}

030023a {; Anthony Hanmer 18/1/2007, Designed with BRAZIL
0.0000000 0.5000000 -0.5000000 0.0000000 -2.5000000 8.0000000 0.1500242
0.5000000 0.5000000 0.5000000 0.0000000 -2.5000000 8.000000 0.1500242
-0.5000000 0.5000000 0.0000000 0.5000000 -2.5000000 5.5000000 0.1500242
0.4999245 -0.4999245 0.4999245 0.4999245 2.4996225 2.4994715 0.27496375
-0.4999245 0.4999245 -0.4999245 -0.4999245 -2.4996225 7.5005285 0.27496375
}

030024a {; Anthony Hanmer 18/1/2007, Designed with BRAZIL
0.0000000 0.5000000 -0.5000000 0.0000000 -2.5000000 8.0000000 0.1500242
0.5000000 0.5000000 0.5000000 0.0000000 -2.5000000 8.000000 0.1500242
-0.5000000 -0.5000000 0.5000000 0.0000000 2.5000000 8.0000000 0.1500242
0.4999245 -0.4999245 0.4999245 0.4999245 2.4996225 2.4994715 0.27496375
-0.4999245 0.4999245 -0.4999245 -0.4999245 -2.4996225 7.5005285 0.27496375
}

030025a {; Anthony Hanmer 18/1/2007, Designed with BRAZIL
0.0000000 0.5000000 -0.5000000 0.0000000 -2.5000000 8.0000000 0.1500242
0.5000000 0.5000000 0.5000000 0.0000000 -2.5000000 8.000000 0.1500242
-0.5000000 -0.5000000 0.5000000 0.0000000 2.5000000 2.0000000 0.1500242
0.4999245 -0.4999245 0.4999245 0.4999245 2.4996225 2.4994715 0.27496375
-0.4999245 0.4999245 -0.4999245 -0.4999245 -2.4996225 7.5005285 0.27496375
}

030026a {; Anthony Hanmer 18/1/2007, Designed with BRAZIL
0.0000000 0.5000000 -0.5000000 0.0000000 -2.5000000 8.0000000 0.1500242
0.5000000 0.5000000 0.5000000 0.0000000 -2.5000000 8.000000 0.1500242
-0.6728164 0.0064108 0.0000000 0.3715724 -1.9304874 -0.6284276 0.1500242
0.4999245 -0.4999245 0.4999245 0.4999245 2.4996225 2.4994715 0.27496375
-0.4999245 0.4999245 -0.4999245 -0.4999245 -2.4996225 7.5005285 0.27496375
}

030027a {; Anthony Hanmer 18/1/2007, Designed with BRAZIL
0.0000000 0.5000000 -0.5000000 0.0000000 -2.5000000 8.0000000 0.1500242
0.5000000 0.5000000 0.5000000 0.0000000 -2.5000000 8.000000 0.1500242
0.5000000 -0.5000000 -0.5000000 0.0000000 2.5000000 8.0000000 0.1500242
0.4999245 -0.4999245 0.4999245 0.4999245 2.4996225 2.4994715 0.27496375
-0.4999245 0.4999245 -0.4999245 -0.4999245 -2.4996225 7.5005285 0.27496375
}

030028a {; Anthony Hanmer 18/1/2007, Designed with BRAZIL
0.0000000 0.5000000 -0.5000000 0.0000000 -2.5000000 8.0000000 0.1500242
0.5000000 0.5000000 0.5000000 0.0000000 -2.5000000 8.000000 0.1500242
0.5000000 0.5000000 -0.5000000 0.0000000 -2.5000000 8.0000000 0.1500242
0.4999245 -0.4999245 0.4999245 0.4999245 2.4996225 2.4994715 0.27496375
-0.4999245 0.4999245 -0.4999245 -0.4999245 -2.4996225 7.5005285 0.27496375
}

030029a {; Anthony Hanmer 18/1/2007, Designed with BRAZIL
0.0000000 0.5000000 -0.5000000 0.0000000 -2.5000000 8.0000000 0.1500242
0.5000000 0.5000000 0.5000000 0.0000000 -2.5000000 8.000000 0.1500242
0.5000000 0.5000000 -0.5000000 0.0000000 -2.5000000 2.0000000 0.1500242
0.4999245 -0.4999245 0.4999245 0.4999245 2.4996225 2.4994715 0.27496375
-0.4999245 0.4999245 -0.4999245 -0.4999245 -2.4996225 7.5005285 0.27496375
}

030030a {; Anthony Hanmer 18/1/2007, Designed with BRAZIL
0.0000000 0.5000000 -0.5000000 0.0000000 -2.5000000 8.0000000 0.1500242
0.5000000 0.5000000 0.5000000 0.0000000 -2.5000000 8.000000 0.1500242
-0.5000000 0.5000000 0.5000000 0.0000000 -2.5000000 8.0000000 0.1500242
0.4999245 -0.4999245 0.4999245 0.4999245 2.4996225 2.4994715 0.27496375
-0.4999245 0.4999245 -0.4999245 -0.4999245 -2.4996225 7.5005285 0.27496375
}

030031a {; Anthony Hanmer 18/1/2007, Designed with BRAZIL
0.0000000 0.5000000 -0.5000000 0.0000000 -2.5000000 8.0000000 0.1500242
0.5000000 0.5000000 0.5000000 0.0000000 -2.5000000 8.000000 0.1500242
-0.5000000 0.5000000 0.5000000 0.0000000 -2.5000000 2.0000000 0.1500242
0.4999245 -0.4999245 0.4999245 0.4999245 2.4996225 2.4994715 0.27496375
-0.4999245 0.4999245 -0.4999245 -0.4999245 -2.4996225 7.5005285 0.27496375
}

030032a {; Anthony Hanmer 18/1/2007, Designed with BRAZIL
0.0000000 0.5000000 -0.5000000 0.0000000 -2.5000000 8.0000000 0.1500242
0.5000000 0.5000000 0.5000000 0.0000000 -2.5000000 8.000000 0.1500242
-0.5000000 0.0000000 -0.5000000 -0.5000000 3.0000000 7.5000000 0.1500242
0.4999245 -0.4999245 0.4999245 0.4999245 2.4996225 2.4994715 0.27496375
-0.4999245 0.4999245 -0.4999245 -0.4999245 -2.4996225 7.5005285 0.27496375
}

030033a {; Anthony Hanmer 18/1/2007, Designed with BRAZIL
0.0000000 0.5000000 -0.5000000 0.0000000 -2.5000000 8.0000000 0.1500242
0.5000000 0.5000000 0.5000000 0.0000000 -2.5000000 8.000000 0.1500242
-0.5000000 0.0000000 -0.5000000 -0.5000000 -3.0000000 7.5000000 0.1500242
0.4999245 -0.4999245 0.4999245 0.4999245 2.4996225 2.4994715 0.27496375
-0.4999245 0.4999245 -0.4999245 -0.4999245 -2.4996225 7.5005285 0.27496375
}

030034a {; Anthony Hanmer 18/1/2007, Designed with BRAZIL
0.0000000 0.5000000 -0.5000000 0.0000000 -2.5000000 8.0000000 0.1500242
0.5000000 0.5000000 0.5000000 0.0000000 -2.5000000 8.000000 0.1500242
0.5000000 0.0000000 0.5000000 -0.5000000 3.0000000 7.5000000 0.1500242
0.4999245 -0.4999245 0.4999245 0.4999245 2.4996225 2.4994715 0.27496375
-0.4999245 0.4999245 -0.4999245 -0.4999245 -2.4996225 7.5005285 0.27496375
}

030035a {; Anthony Hanmer 18/1/2007, Designed with BRAZIL
0.0000000 0.5000000 -0.5000000 0.0000000 -2.5000000 8.0000000 0.1500242
0.5000000 0.5000000 0.5000000 0.0000000 -2.5000000 8.000000 0.1500242
0.5000000 0.0000000 0.5000000 -0.5000000 -3.0000000 7.5000000 0.1500242
0.4999245 -0.4999245 0.4999245 0.4999245 2.4996225 2.4994715 0.27496375
-0.4999245 0.4999245 -0.4999245 -0.4999245 -2.4996225 7.5005285 0.27496375
}

030036a {; Anthony Hanmer 18/1/2007, Designed with BRAZIL
0.0000000 0.5000000 -0.5000000 0.0000000 -2.5000000 8.0000000 0.1500242
0.5000000 0.5000000 0.5000000 0.0000000 -2.5000000 8.000000 0.1500242
0.5000000 0.0000000 0.5000000 0.5000000 -3.0000000 2.5000000 0.1500242
0.4999245 -0.4999245 0.4999245 0.4999245 2.4996225 2.4994715 0.27496375
-0.4999245 0.4999245 -0.4999245 -0.4999245 -2.4996225 7.5005285 0.27496375
}

030037a {; Anthony Hanmer 18/1/2007, Designed with BRAZIL
0.0000000 0.5000000 -0.5000000 0.0000000 -2.5000000 8.0000000 0.1500242
0.5000000 0.5000000 0.5000000 0.0000000 -2.5000000 8.000000 0.1500242
0.5000000 0.0000000 0.5000000 0.5000000 3.0000000 2.5000000 0.1500242
0.4999245 -0.4999245 0.4999245 0.4999245 2.4996225 2.4994715 0.27496375
-0.4999245 0.4999245 -0.4999245 -0.4999245 -2.4996225 7.5005285 0.27496375
}

030038a {; Anthony Hanmer 18/1/2007, Designed with BRAZIL
0.0000000 0.5000000 -0.5000000 0.0000000 -2.5000000 8.0000000 0.1500242
0.5000000 0.5000000 0.5000000 0.0000000 -2.5000000 8.000000 0.1500242
-0.5000000 0.0000000 -0.5000000 0.5000000 -3.0000000 2.5000000 0.1500242
0.4999245 -0.4999245 0.4999245 0.4999245 2.4996225 2.4994715 0.27496375
-0.4999245 0.4999245 -0.4999245 -0.4999245 -2.4996225 7.5005285 0.27496375
}

030039a {; Anthony Hanmer 18/1/2007, Designed with BRAZIL
0.0000000 0.5000000 -0.5000000 0.0000000 -2.5000000 8.0000000 0.1500242
0.5000000 0.5000000 0.5000000 0.0000000 -2.5000000 8.000000 0.1500242
-0.5000000 0.0000000 -0.5000000 0.5000000 3.0000000 2.5000000 0.1500242
0.4999245 -0.4999245 0.4999245 0.4999245 2.4996225 2.4994715 0.27496375
-0.4999245 0.4999245 -0.4999245 -0.4999245 -2.4996225 7.5005285 0.27496375
}

030040a {; Anthony Hanmer 18/1/2007, Designed with BRAZIL
0.0000000 0.5000000 -0.5000000 0.0000000 -2.5000000 8.0000000 0.1500242
0.5000000 0.5000000 0.5000000 0.0000000 -2.5000000 8.000000 0.1500242
0.0000000 0.3715724 -0.6728164 0.0082518 -5.6284276 3.0353536 0.1500242
0.4999245 -0.4999245 0.4999245 0.4999245 2.4996225 2.4994715 0.27496375
-0.4999245 0.4999245 -0.4999245 -0.4999245 -2.4996225 7.5005285 0.27496375
}

030041a {; Anthony Hanmer 18/1/2007, Designed with BRAZIL
0.0000000 0.5000000 -0.5000000 0.0000000 -2.5000000 8.0000000 0.1500242
0.5000000 0.5000000 0.5000000 0.0000000 -2.5000000 8.000000 0.1500242
-0.5000000 0.0000000 0.5000000 -0.5000000 -3.0000000 7.5000000 0.1500242
0.4999245 -0.4999245 0.4999245 0.4999245 2.4996225 2.4994715 0.27496375
-0.4999245 0.4999245 -0.4999245 -0.4999245 -2.4996225 7.5005285 0.27496375
}

030042a {; Anthony Hanmer 18/1/2007, Designed with BRAZIL
0.0000000 0.5000000 -0.5000000 0.0000000 -2.5000000 8.0000000 0.1500242
0.5000000 0.5000000 0.5000000 0.0000000 -2.5000000 8.000000 0.1500242
-0.5000000 0.0000000 0.5000000 -0.5000000 3.0000000 7.5000000 0.1500242
0.4999245 -0.4999245 0.4999245 0.4999245 2.4996225 2.4994715 0.27496375
-0.4999245 0.4999245 -0.4999245 -0.4999245 -2.4996225 7.5005285 0.27496375
}

030043a {; Anthony Hanmer 18/1/2007, Designed with BRAZIL
0.0000000 0.5000000 -0.5000000 0.0000000 -2.5000000 8.0000000 0.1500242
0.5000000 0.5000000 0.5000000 0.0000000 -2.5000000 8.000000 0.1500242
0.5000000 0.0000000 -0.5000000 -0.5000000 3.0000000 7.5000000 0.1500242
0.4999245 -0.4999245 0.4999245 0.4999245 2.4996225 2.4994715 0.27496375
-0.4999245 0.4999245 -0.4999245 -0.4999245 -2.4996225 7.5005285 0.27496375
}

030044a {; Anthony Hanmer 18/1/2007, Designed with BRAZIL
0.0000000 0.5000000 -0.5000000 0.0000000 -2.5000000 8.0000000 0.1500242
0.5000000 0.5000000 0.5000000 0.0000000 -2.5000000 8.000000 0.1500242
0.5000000 0.0000000 -0.5000000 0.5000000 -3.0000000 2.5000000 0.1500242
0.4999245 -0.4999245 0.4999245 0.4999245 2.4996225 2.4994715 0.27496375
-0.4999245 0.4999245 -0.4999245 -0.4999245 -2.4996225 7.5005285 0.27496375
}

030045a {; Anthony Hanmer 18/1/2007, Designed with BRAZIL
0.0000000 0.5000000 -0.5000000 0.0000000 -2.5000000 8.0000000 0.1500242
0.5000000 0.5000000 0.5000000 0.0000000 -2.5000000 8.000000 0.1500242
0.5000000 0.0000000 -0.5000000 0.5000000 3.0000000 2.5000000 0.1500242
0.4999245 -0.4999245 0.4999245 0.4999245 2.4996225 2.4994715 0.27496375
-0.4999245 0.4999245 -0.4999245 -0.4999245 -2.4996225 7.5005285 0.27496375
}

030046a {; Anthony Hanmer 18/1/2007, Designed with BRAZIL
0.0000000 0.5000000 -0.5000000 0.0000000 -2.5000000 8.0000000 0.1500242
0.5000000 0.5000000 0.5000000 0.0000000 -2.5000000 8.000000 0.1500242
-0.5000000 0.0000000 0.5000000 0.5000000 -3.0000000 2.5000000 0.1500242
0.4999245 -0.4999245 0.4999245 0.4999245 2.4996225 2.4994715 0.27496375
-0.4999245 0.4999245 -0.4999245 -0.4999245 -2.4996225 7.5005285 0.27496375
}

030047a {; Anthony Hanmer 18/1/2007, Designed with BRAZIL
0.0000000 0.5000000 -0.5000000 0.0000000 -2.5000000 8.0000000 0.1500242
0.5000000 0.5000000 0.5000000 0.0000000 -2.5000000 8.000000 0.1500242
-0.5000000 0.0000000 0.5000000 0.5000000 3.0000000 2.5000000 0.1500242
0.4999245 -0.4999245 0.4999245 0.4999245 2.4996225 2.4994715 0.27496375
-0.4999245 0.4999245 -0.4999245 -0.4999245 -2.4996225 7.5005285 0.27496375
}

030048a {; Anthony Hanmer 18/1/2007, Designed with BRAZIL
0.0000000 0.5000000 -0.5000000 0.0000000 -2.5000000 8.0000000 0.1500242
0.5000000 0.5000000 0.5000000 0.0000000 -2.5000000 8.000000 0.1500242
-0.5000000 -0.5000000 -0.5000000 0.0000000 2.5000000 2.0000000 0.1500242
0.4999245 -0.4999245 0.4999245 0.4999245 2.4996225 2.4994715 0.27496375
-0.4999245 0.4999245 -0.4999245 -0.4999245 -2.4996225 7.5005285 0.27496375
}

030049a {; Anthony Hanmer 18/1/2007, Designed with BRAZIL
0.0000000 0.5000000 -0.5000000 0.0000000 -2.5000000 8.0000000 0.1500242
0.5000000 0.5000000 0.5000000 0.0000000 -2.5000000 8.000000 0.1500242
0.5000000 0.5000000 0.5000000 0.0000000 -2.5000000 8.000000 0.1500242
0.4999245 -0.4999245 0.4999245 0.4999245 2.4996225 2.4994715 0.27496375
-0.4999245 0.4999245 -0.4999245 -0.4999245 -2.4996225 7.5005285 0.27496375
}

030050a {; Anthony Hanmer 18/1/2007, Designed with BRAZIL
0.0000000 0.5000000 -0.5000000 0.0000000 -2.5000000 8.0000000 0.1500242
0.5000000 0.5000000 0.5000000 0.0000000 -2.5000000 8.000000 0.1500242
0.5000000 0.5000000 0.5000000 0.0000000 -2.5000000 8.0000000 0.1500242
0.4999245 -0.4999245 0.4999245 0.4999245 2.4996225 2.4994715 0.27496375
-0.4999245 0.4999245 -0.4999245 -0.4999245 -2.4996225 7.5005285 0.27496375
}

030051a {; Anthony Hanmer 18/1/2007, Designed with BRAZIL
0.0000000 0.5000000 -0.5000000 0.0000000 -2.5000000 8.0000000 0.1500242
0.5000000 0.5000000 0.5000000 0.0000000 -2.5000000 8.000000 0.1500242
0.5000000 -0.5000000 0.5000000 0.0000000 2.5000000 2.0000000 0.1500242
0.4999245 -0.4999245 0.4999245 0.4999245 2.4996225 2.4994715 0.27496375
-0.4999245 0.4999245 -0.4999245 -0.4999245 -2.4996225 7.5005285 0.27496375
}

030052a {; Anthony Hanmer 18/1/2007, Designed with BRAZIL
0.0000000 0.5000000 -0.5000000 0.0000000 -2.5000000 8.0000000 0.1500242
0.5000000 0.5000000 0.5000000 0.0000000 -2.5000000 8.000000 0.1500242
-0.5000000 0.0000000 0.0000000 -0.5000000 -3.0000000 4.5000000 0.1500242
0.4999245 -0.4999245 0.4999245 0.4999245 2.4996225 2.4994715 0.27496375
-0.4999245 0.4999245 -0.4999245 -0.4999245 -2.4996225 7.5005285 0.27496375
}

030053a {; Anthony Hanmer 18/1/2007, Designed with BRAZIL
0.0000000 0.5000000 -0.5000000 0.0000000 -2.5000000 8.0000000 0.1500242
0.5000000 0.5000000 0.5000000 0.0000000 -2.5000000 8.000000 0.1500242
-0.5000000 0.0000000 0.0000000 -0.5000000 3.0000000 4.5000000 0.1500242
0.4999245 -0.4999245 0.4999245 0.4999245 2.4996225 2.4994715 0.27496375
-0.4999245 0.4999245 -0.4999245 -0.4999245 -2.4996225 7.5005285 0.27496375
}

030054a {; Anthony Hanmer 18/1/2007, Designed with BRAZIL
0.0000000 0.5000000 -0.5000000 0.0000000 -2.5000000 8.0000000 0.1500242
0.5000000 0.5000000 0.5000000 0.0000000 -2.5000000 8.000000 0.1500242
-0.5000000 0.0000000 0.0000000 -0.5000000 3.0000000 10.5000000 0.1500242
0.4999245 -0.4999245 0.4999245 0.4999245 2.4996225 2.4994715 0.27496375
-0.4999245 0.4999245 -0.4999245 -0.4999245 -2.4996225 7.5005285 0.27496375
}

030055a {; Anthony Hanmer 18/1/2007, Designed with BRAZIL
0.0000000 0.5000000 -0.5000000 0.0000000 -2.5000000 8.0000000 0.1500242
0.5000000 0.5000000 0.5000000 0.0000000 -2.5000000 8.000000 0.1500242
-0.5000000 0.0000000 0.0000000 -0.5000000 -3.0000000 10.5000000 0.1500242
0.4999245 -0.4999245 0.4999245 0.4999245 2.4996225 2.4994715 0.27496375
-0.4999245 0.4999245 -0.4999245 -0.4999245 -2.4996225 7.5005285 0.27496375
}

030056a {; Anthony Hanmer 18/1/2007, Designed with BRAZIL
0.0000000 0.5000000 -0.5000000 0.0000000 -2.5000000 8.0000000 0.1500242
0.5000000 0.5000000 0.5000000 0.0000000 -2.5000000 8.000000 0.1500242
0.5000000 0.0000000 0.0000000 -0.5000000 3.0000000 10.5000000 0.1500242
0.4999245 -0.4999245 0.4999245 0.4999245 2.4996225 2.4994715 0.27496375
-0.4999245 0.4999245 -0.4999245 -0.4999245 -2.4996225 7.5005285 0.27496375
}

030057a {; Anthony Hanmer 18/1/2007, Designed with BRAZIL
0.0000000 0.5000000 -0.5000000 0.0000000 -2.5000000 8.0000000 0.1500242
0.5000000 0.5000000 0.5000000 0.0000000 -2.5000000 8.000000 0.1500242
0.5000000 0.0000000 0.0000000 -0.5000000 3.0000000 4.5000000 0.1500242
0.4999245 -0.4999245 0.4999245 0.4999245 2.4996225 2.4994715 0.27496375
-0.4999245 0.4999245 -0.4999245 -0.4999245 -2.4996225 7.5005285 0.27496375
}

030058a {; Anthony Hanmer 18/1/2007, Designed with BRAZIL
0.0000000 0.5000000 -0.5000000 0.0000000 -2.5000000 8.0000000 0.1500242
0.5000000 0.5000000 0.5000000 0.0000000 -2.5000000 8.000000 0.1500242
0.5000000 0.0000000 0.0000000 -0.5000000 -3.0000000 4.5000000 0.1500242
0.4999245 -0.4999245 0.4999245 0.4999245 2.4996225 2.4994715 0.27496375
-0.4999245 0.4999245 -0.4999245 -0.4999245 -2.4996225 7.5005285 0.27496375
}

030059a {; Anthony Hanmer 18/1/2007, Designed with BRAZIL
0.0000000 0.5000000 -0.5000000 0.0000000 -2.5000000 8.0000000 0.1500242
0.5000000 0.5000000 0.5000000 0.0000000 -2.5000000 8.000000 0.1500242
0.5000000 0.0000000 0.0000000 -0.5000000 -3.0000000 10.5000000 0.1500242
0.4999245 -0.4999245 0.4999245 0.4999245 2.4996225 2.4994715 0.27496375
-0.4999245 0.4999245 -0.4999245 -0.4999245 -2.4996225 7.5005285 0.27496375
}

030060a {; Anthony Hanmer 18/1/2007, Designed with BRAZIL
0.0000000 0.5000000 -0.5000000 0.0000000 -2.5000000 8.0000000 0.1500242
0.5000000 0.5000000 0.5000000 0.0000000 -2.5000000 8.000000 0.1500242
-0.5000000 0.0000000 0.0000000 0.5000000 -3.0000000 5.5000000 0.1500242
0.4999245 -0.4999245 0.4999245 0.4999245 2.4996225 2.4994715 0.27496375
-0.4999245 0.4999245 -0.4999245 -0.4999245 -2.4996225 7.5005285 0.27496375
}

030061a {; Anthony Hanmer 18/1/2007, Designed with BRAZIL
0.0000000 0.5000000 -0.5000000 0.0000000 -2.5000000 8.0000000 0.1500242
0.5000000 0.5000000 0.5000000 0.0000000 -2.5000000 8.000000 0.1500242
-0.5000000 0.0000000 0.0000000 0.5000000 3.0000000 5.5000000 0.1500242
0.4999245 -0.4999245 0.4999245 0.4999245 2.4996225 2.4994715 0.27496375
-0.4999245 0.4999245 -0.4999245 -0.4999245 -2.4996225 7.5005285 0.27496375
}

030062a {; Anthony Hanmer 18/1/2007, Designed with BRAZIL
0.0000000 0.5000000 -0.5000000 0.0000000 -2.5000000 8.0000000 0.1500242
0.5000000 0.5000000 0.5000000 0.0000000 -2.5000000 8.000000 0.1500242
-0.5000000 0.0000000 0.0000000 0.5000000 3.0000000 -0.5000000 0.1500242
0.4999245 -0.4999245 0.4999245 0.4999245 2.4996225 2.4994715 0.27496375
-0.4999245 0.4999245 -0.4999245 -0.4999245 -2.4996225 7.5005285 0.27496375
}

030063a {; Anthony Hanmer 18/1/2007, Designed with BRAZIL
0.0000000 0.5000000 -0.5000000 0.0000000 -2.5000000 8.0000000 0.1500242
0.5000000 0.5000000 0.5000000 0.0000000 -2.5000000 8.000000 0.1500242
-0.5000000 0.0000000 0.0000000 0.5000000 -3.0000000 -0.5000000 0.1500242
0.4999245 -0.4999245 0.4999245 0.4999245 2.4996225 2.4994715 0.27496375
-0.4999245 0.4999245 -0.4999245 -0.4999245 -2.4996225 7.5005285 0.27496375
}

030064a {; Anthony Hanmer 18/1/2007, Designed with BRAZIL
0.0000000 0.5000000 -0.5000000 0.0000000 -2.5000000 8.0000000 0.1500242
0.5000000 0.5000000 0.5000000 0.0000000 -2.5000000 8.000000 0.1500242
0.5000000 0.0000000 0.0000000 0.5000000 3.0000000 -0.5000000 0.1500242
0.4999245 -0.4999245 0.4999245 0.4999245 2.4996225 2.4994715 0.27496375
-0.4999245 0.4999245 -0.4999245 -0.4999245 -2.4996225 7.5005285 0.27496375
}

030065a {; Anthony Hanmer 18/1/2007, Designed with BRAZIL
0.0000000 0.5000000 -0.5000000 0.0000000 -2.5000000 8.0000000 0.1500242
0.5000000 0.5000000 0.5000000 0.0000000 -2.5000000 8.000000 0.1500242
0.5000000 0.0000000 0.0000000 0.5000000 3.0000000 5.5000000 0.1500242
0.4999245 -0.4999245 0.4999245 0.4999245 2.4996225 2.4994715 0.27496375
-0.4999245 0.4999245 -0.4999245 -0.4999245 -2.4996225 7.5005285 0.27496375
}

030066a {; Anthony Hanmer 18/1/2007, Designed with BRAZIL
0.0000000 0.5000000 -0.5000000 0.0000000 -2.5000000 8.0000000 0.1500242
0.5000000 0.5000000 0.5000000 0.0000000 -2.5000000 8.000000 0.1500242
0.5000000 0.0000000 0.0000000 0.5000000 -3.0000000 5.5000000 0.1500242
0.4999245 -0.4999245 0.4999245 0.4999245 2.4996225 2.4994715 0.27496375
-0.4999245 0.4999245 -0.4999245 -0.4999245 -2.4996225 7.5005285 0.27496375
}

030067a {; Anthony Hanmer 18/1/2007, Designed with BRAZIL
0.0000000 0.5000000 -0.5000000 0.0000000 -2.5000000 8.0000000 0.1500242
0.5000000 0.5000000 0.5000000 0.0000000 -2.5000000 8.000000 0.1500242
0.5000000 0.0000000 0.0000000 0.5000000 -3.0000000 -0.5000000 0.1500242
0.4999245 -0.4999245 0.4999245 0.4999245 2.4996225 2.4994715 0.27496375
-0.4999245 0.4999245 -0.4999245 -0.4999245 -2.4996225 7.5005285 0.27496375
}

030068a {; Anthony Hanmer 18/1/2007, Designed with BRAZIL
0.0000000 0.5000000 -0.5000000 0.0000000 -2.5000000 8.0000000 0.1500242
0.5000000 0.5000000 0.5000000 0.0000000 -2.5000000 8.000000 0.1500242
0.0000000 0.5000000 -0.5000000 0.0000000 -5.5000000 2.0000000 0.1500242
0.4999245 -0.4999245 0.4999245 0.4999245 2.4996225 2.4994715 0.27496375
-0.4999245 0.4999245 -0.4999245 -0.4999245 -2.4996225 7.5005285 0.27496375
}

030069a {; Anthony Hanmer 18/1/2007, Designed with BRAZIL
0.0000000 0.5000000 -0.5000000 0.0000000 -2.5000000 8.0000000 0.1500242
0.5000000 0.5000000 0.5000000 0.0000000 -2.5000000 8.000000 0.1500242
0.0000000 0.5000000 -0.5000000 0.0000000 0.5000000 2.0000000 0.1500242
0.4999245 -0.4999245 0.4999245 0.4999245 2.4996225 2.4994715 0.27496375
-0.4999245 0.4999245 -0.4999245 -0.4999245 -2.4996225 7.5005285 0.27496375
}

030070a {; Anthony Hanmer 18/1/2007, Designed with BRAZIL
0.0000000 0.5000000 -0.5000000 0.0000000 -2.5000000 8.0000000 0.1500242
0.5000000 0.5000000 0.5000000 0.0000000 -2.5000000 8.000000 0.1500242
0.0000000 0.5000000 -0.5000000 0.0000000 0.5000000 8.0000000 0.1500242
0.4999245 -0.4999245 0.4999245 0.4999245 2.4996225 2.4994715 0.27496375
-0.4999245 0.4999245 -0.4999245 -0.4999245 -2.4996225 7.5005285 0.27496375
}

030071a {; Anthony Hanmer 18/1/2007, Designed with BRAZIL
0.0000000 0.5000000 -0.5000000 0.0000000 -2.5000000 8.0000000 0.1500242
0.5000000 0.5000000 0.5000000 0.0000000 -2.5000000 8.000000 0.1500242
0.0000000 0.5000000 -0.5000000 0.0000000 -5.5000000 8.0000000 0.1500242
0.4999245 -0.4999245 0.4999245 0.4999245 2.4996225 2.4994715 0.27496375
-0.4999245 0.4999245 -0.4999245 -0.4999245 -2.4996225 7.5005285 0.27496375
}

030072a {; Anthony Hanmer 18/1/2007, Designed with BRAZIL
0.0000000 0.5000000 -0.5000000 0.0000000 -2.5000000 8.0000000 0.1500242
0.5000000 0.5000000 0.5000000 0.0000000 -2.5000000 8.000000 0.1500242
0.0000000 0.5000000 -0.5000000 0.0000000 -2.5000000 8.0000000 0.1500242
0.4999245 -0.4999245 0.4999245 0.4999245 2.4996225 2.4994715 0.27496375
-0.4999245 0.4999245 -0.4999245 -0.4999245 -2.4996225 7.5005285 0.27496375
}

030073a {; Anthony Hanmer 18/1/2007, Designed with BRAZIL
0.0000000 0.5000000 -0.5000000 0.0000000 -2.5000000 8.0000000 0.1500242
0.5000000 0.5000000 0.5000000 0.0000000 -2.5000000 8.000000 0.1500242
0.0000000 0.5000000 0.5000000 0.0000000 0.5000000 8.0000000 0.1500242
0.4999245 -0.4999245 0.4999245 0.4999245 2.4996225 2.4994715 0.27496375
-0.4999245 0.4999245 -0.4999245 -0.4999245 -2.4996225 7.5005285 0.27496375
}

030074a {; Anthony Hanmer 18/1/2007, Designed with BRAZIL
0.0000000 0.5000000 -0.5000000 0.0000000 -2.5000000 8.0000000 0.1500242
0.5000000 0.5000000 0.5000000 0.0000000 -2.5000000 8.000000 0.1500242
0.0000000 0.5000000 0.5000000 0.0000000 0.5000000 2.0000000 0.1500242
0.4999245 -0.4999245 0.4999245 0.4999245 2.4996225 2.4994715 0.27496375
-0.4999245 0.4999245 -0.4999245 -0.4999245 -2.4996225 7.5005285 0.27496375
}

030075a {; Anthony Hanmer 18/1/2007, Designed with BRAZIL
0.0000000 0.5000000 -0.5000000 0.0000000 -2.5000000 8.0000000 0.1500242
0.5000000 0.5000000 0.5000000 0.0000000 -2.5000000 8.000000 0.1500242
0.0000000 0.5000000 0.5000000 0.0000000 -5.5000000 2.0000000 0.1500242
0.4999245 -0.4999245 0.4999245 0.4999245 2.4996225 2.4994715 0.27496375
-0.4999245 0.4999245 -0.4999245 -0.4999245 -2.4996225 7.5005285 0.27496375
}

030076a {; Anthony Hanmer 18/1/2007, Designed with BRAZIL
0.0000000 0.5000000 -0.5000000 0.0000000 -2.5000000 8.0000000 0.1500242
0.5000000 0.5000000 0.5000000 0.0000000 -2.5000000 8.000000 0.1500242
0.0000000 -0.5000000 0.5000000 0.0000000 -0.5000000 2.0000000 0.1500242
0.4999245 -0.4999245 0.4999245 0.4999245 2.4996225 2.4994715 0.27496375
-0.4999245 0.4999245 -0.4999245 -0.4999245 -2.4996225 7.5005285 0.27496375
}

030077a {; Anthony Hanmer 18/1/2007, Designed with BRAZIL
0.0000000 0.5000000 -0.5000000 0.0000000 -2.5000000 8.0000000 0.1500242
0.5000000 0.5000000 0.5000000 0.0000000 -2.5000000 8.000000 0.1500242
0.0000000 -0.5000000 0.5000000 0.0000000 5.5000000 2.0000000 0.1500242
0.4999245 -0.4999245 0.4999245 0.4999245 2.4996225 2.4994715 0.27496375
-0.4999245 0.4999245 -0.4999245 -0.4999245 -2.4996225 7.5005285 0.27496375
}

030078a {; Anthony Hanmer 18/1/2007, Designed with BRAZIL
0.0000000 0.5000000 -0.5000000 0.0000000 -2.5000000 8.0000000 0.1500242
0.5000000 0.5000000 0.5000000 0.0000000 -2.5000000 8.000000 0.1500242
0.0000000 -0.5000000 0.5000000 0.0000000 5.5000000 8.0000000 0.1500242
0.4999245 -0.4999245 0.4999245 0.4999245 2.4996225 2.4994715 0.27496375
-0.4999245 0.4999245 -0.4999245 -0.4999245 -2.4996225 7.5005285 0.27496375
}

030079a {; Anthony Hanmer 18/1/2007, Designed with BRAZIL
0.0000000 0.5000000 -0.5000000 0.0000000 -2.5000000 8.0000000 0.1500242
0.5000000 0.5000000 0.5000000 0.0000000 -2.5000000 8.000000 0.1500242
0.0000000 -0.5000000 0.5000000 0.0000000 -0.5000000 8.0000000 0.1500242
