031984b {; Anthony Hanmer 18/1/2007, Designed with BRAZIL
-0.5000000 0.0000000 0.0000000 0.5000000 -3.0000000 2.5000000 0.1500242
0.5000000 0.5000000 0.5000000 0.0000000 -2.5000000 8.000000 0.1500242
0.6728164 0.0064108 0.0000000 0.3715724 -1.9566910 6.8955724 0.1500242
0.4999245 -0.4999245 0.4999245 0.4999245 2.4996225 2.4994715 0.27496375
0.4999245 0.4999245 -0.4999245 0.4999245 -2.5005285 2.5003775 0.27496375
}

031985b {; Anthony Hanmer 18/1/2007, Designed with BRAZIL
-0.5000000 0.0000000 0.0000000 0.5000000 -3.0000000 2.5000000 0.1500242
0.5000000 0.5000000 0.5000000 0.0000000 -2.5000000 8.000000 0.1500242
0.6728164 0.0064108 0.0000000 0.3715724 1.8953090 6.8955724 0.1500242
0.4999245 -0.4999245 0.4999245 0.4999245 2.4996225 2.4994715 0.27496375
0.4999245 0.4999245 -0.4999245 0.4999245 -2.5005285 2.5003775 0.27496375
}

031986b {; Anthony Hanmer 18/1/2007, Designed with BRAZIL
-0.5000000 0.0000000 0.0000000 0.5000000 -3.0000000 2.5000000 0.1500242
0.5000000 0.5000000 0.5000000 0.0000000 -2.5000000 8.000000 0.1500242
0.6728164 0.0064108 0.0000000 0.3715724 1.8953090 -0.6284276 0.1500242
0.4999245 -0.4999245 0.4999245 0.4999245 2.4996225 2.4994715 0.27496375
0.4999245 0.4999245 -0.4999245 0.4999245 -2.5005285 2.5003775 0.27496375
}

031987b {; Anthony Hanmer 18/1/2007, Designed with BRAZIL
-0.5000000 0.0000000 0.0000000 0.5000000 -3.0000000 2.5000000 0.1500242
0.5000000 0.5000000 0.5000000 0.0000000 -2.5000000 8.000000 0.1500242
0.6728164 0.0064108 0.0000000 0.3715724 -1.9566910 -0.6284276 0.1500242
0.4999245 -0.4999245 0.4999245 0.4999245 2.4996225 2.4994715 0.27496375
0.4999245 0.4999245 -0.4999245 0.4999245 -2.5005285 2.5003775 0.27496375
}

031988b {; Anthony Hanmer 18/1/2007, Designed with BRAZIL
-0.5000000 0.0000000 0.0000000 0.5000000 -3.0000000 2.5000000 0.1500242
0.5000000 0.5000000 0.5000000 0.0000000 -2.5000000 8.000000 0.1500242
-0.6728164 0.0064108 0.0000000 0.3715724 -1.9304874 -0.6284276 0.1500242
0.4999245 -0.4999245 0.4999245 0.4999245 2.4996225 2.4994715 0.27496375
0.4999245 0.4999245 -0.4999245 0.4999245 -2.5005285 2.5003775 0.27496375
}

031989b {; Anthony Hanmer 18/1/2007, Designed with BRAZIL
-0.5000000 0.0000000 0.0000000 0.5000000 -3.0000000 2.5000000 0.1500242
0.5000000 0.5000000 0.5000000 0.0000000 -2.5000000 8.000000 0.1500242
-0.6728164 -0.0082518 0.0000000 0.3715724 1.9548501 -0.6284276 0.1500242
0.4999245 -0.4999245 0.4999245 0.4999245 2.4996225 2.4994715 0.27496375
0.4999245 0.4999245 -0.4999245 0.4999245 -2.5005285 2.5003775 0.27496375
}

031990b {; Anthony Hanmer 18/1/2007, Designed with BRAZIL
-0.5000000 0.0000000 0.0000000 0.5000000 -3.0000000 2.5000000 0.1500242
0.5000000 0.5000000 0.5000000 0.0000000 -2.5000000 8.000000 0.1500242
-0.6728164 -0.0082518 0.0000000 0.3715724 1.9548501 6.9075724 0.1500242
0.4999245 -0.4999245 0.4999245 0.4999245 2.4996225 2.4994715 0.27496375
0.4999245 0.4999245 -0.4999245 0.4999245 -2.5005285 2.5003775 0.27496375
}

031991b {; Anthony Hanmer 18/1/2007, Designed with BRAZIL
-0.5000000 0.0000000 0.0000000 0.5000000 -3.0000000 2.5000000 0.1500242
0.5000000 0.5000000 0.5000000 0.0000000 -2.5000000 8.000000 0.1500242
0.0000000 -0.3715724 0.6728164 0.0064108 -1.8955724 3.0433090 0.1500242
0.4999245 -0.4999245 0.4999245 0.4999245 2.4996225 2.4994715 0.27496375
0.4999245 0.4999245 -0.4999245 0.4999245 -2.5005285 2.5003775 0.27496375
}

031992b {; Anthony Hanmer 18/1/2007, Designed with BRAZIL
-0.5000000 0.0000000 0.0000000 0.5000000 -3.0000000 2.5000000 0.1500242
0.5000000 0.5000000 0.5000000 0.0000000 -2.5000000 8.000000 0.1500242
0.0000000 -0.3715724 0.6728164 0.0064108 5.6284276 3.0433090 0.1500242
0.4999245 -0.4999245 0.4999245 0.4999245 2.4996225 2.4994715 0.27496375
0.4999245 0.4999245 -0.4999245 0.4999245 -2.5005285 2.5003775 0.27496375
}

031993b {; Anthony Hanmer 18/1/2007, Designed with BRAZIL
-0.5000000 0.0000000 0.0000000 0.5000000 -3.0000000 2.5000000 0.1500242
0.5000000 0.5000000 0.5000000 0.0000000 -2.5000000 8.000000 0.1500242
0.0000000 -0.3715724 0.6728164 0.0064108 5.6284276 6.9073090 0.1500242
0.4999245 -0.4999245 0.4999245 0.4999245 2.4996225 2.4994715 0.27496375
0.4999245 0.4999245 -0.4999245 0.4999245 -2.5005285 2.5003775 0.27496375
}

031994b {; Anthony Hanmer 18/1/2007, Designed with BRAZIL
-0.5000000 0.0000000 0.0000000 0.5000000 -3.0000000 2.5000000 0.1500242
0.5000000 0.5000000 0.5000000 0.0000000 -2.5000000 8.000000 0.1500242
0.0000000 -0.3715724 0.6728164 -0.0082518 -1.8955724 6.9406464 0.1500242
0.4999245 -0.4999245 0.4999245 0.4999245 2.4996225 2.4994715 0.27496375
0.4999245 0.4999245 -0.4999245 0.4999245 -2.5005285 2.5003775 0.27496375
}

031995b {; Anthony Hanmer 18/1/2007, Designed with BRAZIL
-0.5000000 0.0000000 0.0000000 0.5000000 -3.0000000 2.5000000 0.1500242
0.5000000 0.5000000 0.5000000 0.0000000 -2.5000000 8.000000 0.1500242
0.0000000 0.3715724 0.6728164 -0.0064108 1.9315724 6.9544874 0.1500242
0.4999245 -0.4999245 0.4999245 0.4999245 2.4996225 2.4994715 0.27496375
0.4999245 0.4999245 -0.4999245 0.4999245 -2.5005285 2.5003775 0.27496375
}

031996b {; Anthony Hanmer 18/1/2007, Designed with BRAZIL
-0.5000000 0.0000000 0.0000000 0.5000000 -3.0000000 2.5000000 0.1500242
0.5000000 0.5000000 0.5000000 0.0000000 -2.5000000 8.000000 0.1500242
0.0000000 0.3715724 0.6728164 0.0082518 1.9195724 3.0451499 0.1500242
0.4999245 -0.4999245 0.4999245 0.4999245 2.4996225 2.4994715 0.27496375
0.4999245 0.4999245 -0.4999245 0.4999245 -2.5005285 2.5003775 0.27496375
}

031997b {; Anthony Hanmer 18/1/2007, Designed with BRAZIL
-0.5000000 0.0000000 0.0000000 0.5000000 -3.0000000 2.5000000 0.1500242
0.5000000 0.5000000 0.5000000 0.0000000 -2.5000000 8.000000 0.1500242
0.0000000 0.3715724 0.6728164 0.0082518 -5.6284276 3.0451499 0.1500242
0.4999245 -0.4999245 0.4999245 0.4999245 2.4996225 2.4994715 0.27496375
0.4999245 0.4999245 -0.4999245 0.4999245 -2.5005285 2.5003775 0.27496375
}

031998b {; Anthony Hanmer 18/1/2007, Designed with BRAZIL
-0.5000000 0.0000000 0.0000000 0.5000000 -3.0000000 2.5000000 0.1500242
0.5000000 0.5000000 0.5000000 0.0000000 -2.5000000 8.000000 0.1500242
0.0000000 0.3715724 -0.6728164 0.0082518 -5.6284276 3.0353536 0.1500242
0.4999245 -0.4999245 0.4999245 0.4999245 2.4996225 2.4994715 0.27496375
0.4999245 0.4999245 -0.4999245 0.4999245 -2.5005285 2.5003775 0.27496375
}

031999b {; Anthony Hanmer 18/1/2007, Designed with BRAZIL
-0.5000000 0.0000000 0.0000000 0.5000000 -3.0000000 2.5000000 0.1500242
0.5000000 0.5000000 0.5000000 0.0000000 -2.5000000 8.000000 0.1500242
0.0000000 0.3715724 -0.6728164 0.0082518 1.9195724 3.0353536 0.1500242
0.4999245 -0.4999245 0.4999245 0.4999245 2.4996225 2.4994715 0.27496375
0.4999245 0.4999245 -0.4999245 0.4999245 -2.5005285 2.5003775 0.27496375
}

032000b {; Anthony Hanmer 18/1/2007, Designed with BRAZIL
0.0000000 0.5000000 0.5000000 0.0000000 -5.5000000 8.0000000 0.1500242
0.5000000 0.5000000 0.5000000 0.0000000 -2.5000000 2.0000000 0.1500242
0.6728164 0.0064108 0.0000000 0.3715724 -1.9566910 -0.6284276 0.1500242
0.4999245 -0.4999245 0.4999245 0.4999245 2.4996225 2.4994715 0.27496375
0.4999245 0.4999245 -0.4999245 0.4999245 -2.5005285 2.5003775 0.27496375
}

032001b {; Anthony Hanmer 18/1/2007, Designed with BRAZIL
0.0000000 0.5000000 0.5000000 0.0000000 -5.5000000 8.0000000 0.1500242
0.5000000 0.5000000 0.5000000 0.0000000 -2.5000000 2.0000000 0.1500242
0.5000000 -0.5000000 0.0000000 -0.5000000 2.5000000 4.5000000 0.1500242
0.4999245 -0.4999245 0.4999245 0.4999245 2.4996225 2.4994715 0.27496375
0.4999245 0.4999245 -0.4999245 0.4999245 -2.5005285 2.5003775 0.27496375
}

032002b {; Anthony Hanmer 18/1/2007, Designed with BRAZIL
0.0000000 0.5000000 0.5000000 0.0000000 -5.5000000 8.0000000 0.1500242
0.5000000 0.5000000 0.5000000 0.0000000 -2.5000000 2.0000000 0.1500242
0.5000000 0.5000000 0.0000000 -0.5000000 -2.5000000 4.5000000 0.1500242
0.4999245 -0.4999245 0.4999245 0.4999245 2.4996225 2.4994715 0.27496375
0.4999245 0.4999245 -0.4999245 0.4999245 -2.5005285 2.5003775 0.27496375
}

032003b {; Anthony Hanmer 18/1/2007, Designed with BRAZIL
0.0000000 0.5000000 0.5000000 0.0000000 -5.5000000 8.0000000 0.1500242
0.5000000 0.5000000 0.5000000 0.0000000 -2.5000000 2.0000000 0.1500242
0.5000000 0.5000000 0.5000000 0.0000000 -2.5000000 2.0000000 0.1500242
0.4999245 -0.4999245 0.4999245 0.4999245 2.4996225 2.4994715 0.27496375
0.4999245 0.4999245 -0.4999245 0.4999245 -2.5005285 2.5003775 0.27496375
}

032004b {; Anthony Hanmer 18/1/2007, Designed with BRAZIL
0.0000000 0.5000000 0.5000000 0.0000000 -5.5000000 8.0000000 0.1500242
0.5000000 0.5000000 0.5000000 0.0000000 -2.5000000 2.0000000 0.1500242
0.5000000 0.0000000 0.5000000 -0.5000000 -3.0000000 7.5000000 0.1500242
0.4999245 -0.4999245 0.4999245 0.4999245 2.4996225 2.4994715 0.27496375
0.4999245 0.4999245 -0.4999245 0.4999245 -2.5005285 2.5003775 0.27496375
}

032005b {; Anthony Hanmer 18/1/2007, Designed with BRAZIL
0.0000000 0.5000000 0.5000000 0.0000000 -5.5000000 8.0000000 0.1500242
0.5000000 0.5000000 0.5000000 0.0000000 -2.5000000 2.0000000 0.1500242
0.5000000 0.0000000 -0.5000000 -0.5000000 -3.0000000 7.5000000 0.1500242
0.4999245 -0.4999245 0.4999245 0.4999245 2.4996225 2.4994715 0.27496375
0.4999245 0.4999245 -0.4999245 0.4999245 -2.5005285 2.5003775 0.27496375
}

032006b {; Anthony Hanmer 18/1/2007, Designed with BRAZIL
0.0000000 0.5000000 0.5000000 0.0000000 -5.5000000 8.0000000 0.1500242
0.5000000 0.5000000 0.5000000 0.0000000 -2.5000000 2.0000000 0.1500242
0.5000000 0.0000000 -0.5000000 -0.5000000 3.0000000 7.5000000 0.1500242
0.4999245 -0.4999245 0.4999245 0.4999245 2.4996225 2.4994715 0.27496375
0.4999245 0.4999245 -0.4999245 0.4999245 -2.5005285 2.5003775 0.27496375
}

032007b {; Anthony Hanmer 18/1/2007, Designed with BRAZIL
0.0000000 0.5000000 0.5000000 0.0000000 -5.5000000 8.0000000 0.1500242
0.5000000 0.5000000 0.5000000 0.0000000 -2.5000000 2.0000000 0.1500242
0.5000000 -0.5000000 -0.5000000 0.0000000 2.5000000 8.0000000 0.1500242
0.4999245 -0.4999245 0.4999245 0.4999245 2.4996225 2.4994715 0.27496375
0.4999245 0.4999245 -0.4999245 0.4999245 -2.5005285 2.5003775 0.27496375
}

032008b {; Anthony Hanmer 18/1/2007, Designed with BRAZIL
0.0000000 0.5000000 0.5000000 0.0000000 -5.5000000 8.0000000 0.1500242
0.5000000 0.5000000 0.5000000 0.0000000 -2.5000000 2.0000000 0.1500242
0.5000000 -0.5000000 -0.5000000 0.0000000 2.5000000 2.0000000 0.1500242
0.4999245 -0.4999245 0.4999245 0.4999245 2.4996225 2.4994715 0.27496375
0.4999245 0.4999245 -0.4999245 0.4999245 -2.5005285 2.5003775 0.27496375
}

032009b {; Anthony Hanmer 18/1/2007, Designed with BRAZIL
0.0000000 0.5000000 0.5000000 0.0000000 -5.5000000 8.0000000 0.1500242
0.5000000 0.5000000 0.5000000 0.0000000 -2.5000000 2.0000000 0.1500242
-0.5000000 -0.5000000 0.0000000 -0.5000000 2.5000000 4.5000000 0.1500242
0.4999245 -0.4999245 0.4999245 0.4999245 2.4996225 2.4994715 0.27496375
0.4999245 0.4999245 -0.4999245 0.4999245 -2.5005285 2.5003775 0.27496375
}

032010b {; Anthony Hanmer 18/1/2007, Designed with BRAZIL
0.0000000 0.5000000 0.5000000 0.0000000 -5.5000000 8.0000000 0.1500242
0.5000000 0.5000000 0.5000000 0.0000000 -2.5000000 2.0000000 0.1500242
-0.5000000 -0.5000000 0.0000000 -0.5000000 2.5000000 10.5000000 0.1500242
0.4999245 -0.4999245 0.4999245 0.4999245 2.4996225 2.4994715 0.27496375
0.4999245 0.4999245 -0.4999245 0.4999245 -2.5005285 2.5003775 0.27496375
}

032011b {; Anthony Hanmer 18/1/2007, Designed with BRAZIL
0.0000000 0.5000000 0.5000000 0.0000000 -5.5000000 8.0000000 0.1500242
0.5000000 0.5000000 0.5000000 0.0000000 -2.5000000 2.0000000 0.1500242
-0.5000000 0.5000000 0.0000000 0.5000000 -2.5000000 5.5000000 0.1500242
0.4999245 -0.4999245 0.4999245 0.4999245 2.4996225 2.4994715 0.27496375
0.4999245 0.4999245 -0.4999245 0.4999245 -2.5005285 2.5003775 0.27496375
}

032012b {; Anthony Hanmer 18/1/2007, Designed with BRAZIL
0.0000000 0.5000000 0.5000000 0.0000000 -5.5000000 8.0000000 0.1500242
0.5000000 0.5000000 0.5000000 0.0000000 -2.5000000 2.0000000 0.1500242
-0.5000000 0.5000000 0.0000000 0.5000000 -2.5000000 -0.5000000 0.1500242
0.4999245 -0.4999245 0.4999245 0.4999245 2.4996225 2.4994715 0.27496375
0.4999245 0.4999245 -0.4999245 0.4999245 -2.5005285 2.5003775 0.27496375
}

032013b {; Anthony Hanmer 18/1/2007, Designed with BRAZIL
0.0000000 0.5000000 0.5000000 0.0000000 -5.5000000 8.0000000 0.1500242
0.5000000 0.5000000 0.5000000 0.0000000 -2.5000000 2.0000000 0.1500242
0.5000000 0.5000000 0.0000000 0.5000000 -2.5000000 -0.5000000 0.1500242
0.4999245 -0.4999245 0.4999245 0.4999245 2.4996225 2.4994715 0.27496375
0.4999245 0.4999245 -0.4999245 0.4999245 -2.5005285 2.5003775 0.27496375
}

032014b {; Anthony Hanmer 18/1/2007, Designed with BRAZIL
0.0000000 0.5000000 0.5000000 0.0000000 -5.5000000 8.0000000 0.1500242
0.5000000 0.5000000 0.5000000 0.0000000 -2.5000000 2.0000000 0.1500242
0.5000000 0.5000000 0.0000000 0.5000000 -2.5000000 5.5000000 0.1500242
0.4999245 -0.4999245 0.4999245 0.4999245 2.4996225 2.4994715 0.27496375
0.4999245 0.4999245 -0.4999245 0.4999245 -2.5005285 2.5003775 0.27496375
}

032015b {; Anthony Hanmer 18/1/2007, Designed with BRAZIL
0.0000000 0.5000000 0.5000000 0.0000000 -5.5000000 8.0000000 0.1500242
0.5000000 0.5000000 0.5000000 0.0000000 -2.5000000 2.0000000 0.1500242
0.0000000 -0.5000000 -0.5000000 0.5000000 -0.5000000 2.5000000 0.1500242
0.4999245 -0.4999245 0.4999245 0.4999245 2.4996225 2.4994715 0.27496375
0.4999245 0.4999245 -0.4999245 0.4999245 -2.5005285 2.5003775 0.27496375
}

032016b {; Anthony Hanmer 18/1/2007, Designed with BRAZIL
0.0000000 0.5000000 0.5000000 0.0000000 -5.5000000 8.0000000 0.1500242
0.5000000 0.5000000 0.5000000 0.0000000 -2.5000000 2.0000000 0.1500242
0.0000000 -0.5000000 -0.5000000 0.5000000 5.5000000 2.5000000 0.1500242
0.4999245 -0.4999245 0.4999245 0.4999245 2.4996225 2.4994715 0.27496375
0.4999245 0.4999245 -0.4999245 0.4999245 -2.5005285 2.5003775 0.27496375
}

032017b {; Anthony Hanmer 18/1/2007, Designed with BRAZIL
0.0000000 0.5000000 0.5000000 0.0000000 -5.5000000 8.0000000 0.1500242
0.5000000 0.5000000 0.5000000 0.0000000 -2.5000000 2.0000000 0.1500242
0.0000000 -0.5000000 0.5000000 0.5000000 5.5000000 2.5000000 0.1500242
0.4999245 -0.4999245 0.4999245 0.4999245 2.4996225 2.4994715 0.27496375
0.4999245 0.4999245 -0.4999245 0.4999245 -2.5005285 2.5003775 0.27496375
}

032018b {; Anthony Hanmer 18/1/2007, Designed with BRAZIL
0.0000000 0.5000000 0.5000000 0.0000000 -5.5000000 8.0000000 0.1500242
0.5000000 0.5000000 0.5000000 0.0000000 -2.5000000 2.0000000 0.1500242
0.0000000 -0.5000000 0.5000000 0.5000000 -0.5000000 2.5000000 0.1500242
0.4999245 -0.4999245 0.4999245 0.4999245 2.4996225 2.4994715 0.27496375
0.4999245 0.4999245 -0.4999245 0.4999245 -2.5005285 2.5003775 0.27496375
}

032019b {; Anthony Hanmer 18/1/2007, Designed with BRAZIL
0.0000000 0.5000000 0.5000000 0.0000000 -5.5000000 8.0000000 0.1500242
0.5000000 0.5000000 0.5000000 0.0000000 -2.5000000 2.0000000 0.1500242
0.0000000 0.5000000 0.5000000 -0.5000000 0.5000000 7.5000000 0.1500242
0.4999245 -0.4999245 0.4999245 0.4999245 2.4996225 2.4994715 0.27496375
0.4999245 0.4999245 -0.4999245 0.4999245 -2.5005285 2.5003775 0.27496375
}

032020b {; Anthony Hanmer 18/1/2007, Designed with BRAZIL
0.0000000 0.5000000 0.5000000 0.0000000 -5.5000000 8.0000000 0.1500242
0.5000000 0.5000000 0.5000000 0.0000000 -2.5000000 2.0000000 0.1500242
0.0000000 0.5000000 0.5000000 -0.5000000 -5.5000000 7.5000000 0.1500242
0.4999245 -0.4999245 0.4999245 0.4999245 2.4996225 2.4994715 0.27496375
0.4999245 0.4999245 -0.4999245 0.4999245 -2.5005285 2.5003775 0.27496375
}

032021b {; Anthony Hanmer 18/1/2007, Designed with BRAZIL
0.0000000 0.5000000 0.5000000 0.0000000 -5.5000000 8.0000000 0.1500242
0.5000000 0.5000000 0.5000000 0.0000000 -2.5000000 2.0000000 0.1500242
0.0000000 0.5000000 -0.5000000 -0.5000000 -5.5000000 7.5000000 0.1500242
0.4999245 -0.4999245 0.4999245 0.4999245 2.4996225 2.4994715 0.27496375
0.4999245 0.4999245 -0.4999245 0.4999245 -2.5005285 2.5003775 0.27496375
}

032022b {; Anthony Hanmer 18/1/2007, Designed with BRAZIL
0.0000000 0.5000000 0.5000000 0.0000000 -5.5000000 8.0000000 0.1500242
0.5000000 0.5000000 0.5000000 0.0000000 -2.5000000 2.0000000 0.1500242
0.0000000 0.5000000 -0.5000000 -0.5000000 0.5000000 7.5000000 0.1500242
0.4999245 -0.4999245 0.4999245 0.4999245 2.4996225 2.4994715 0.27496375
0.4999245 0.4999245 -0.4999245 0.4999245 -2.5005285 2.5003775 0.27496375
}

032023b {; Anthony Hanmer 18/1/2007, Designed with BRAZIL
0.0000000 0.5000000 0.5000000 0.0000000 -5.5000000 8.0000000 0.1500242
0.5000000 0.5000000 0.5000000 0.0000000 -2.5000000 2.0000000 0.1500242
-0.5000000 0.5000000 0.0000000 0.5000000 -2.5000000 5.5000000 0.1500242
0.4999245 -0.4999245 0.4999245 0.4999245 2.4996225 2.4994715 0.27496375
0.4999245 0.4999245 -0.4999245 0.4999245 -2.5005285 2.5003775 0.27496375
}

032024b {; Anthony Hanmer 18/1/2007, Designed with BRAZIL
0.0000000 0.5000000 0.5000000 0.0000000 -5.5000000 8.0000000 0.1500242
0.5000000 0.5000000 0.5000000 0.0000000 -2.5000000 2.0000000 0.1500242
-0.5000000 -0.5000000 0.5000000 0.0000000 2.5000000 8.0000000 0.1500242
0.4999245 -0.4999245 0.4999245 0.4999245 2.4996225 2.4994715 0.27496375
0.4999245 0.4999245 -0.4999245 0.4999245 -2.5005285 2.5003775 0.27496375
}

032025b {; Anthony Hanmer 18/1/2007, Designed with BRAZIL
0.0000000 0.5000000 0.5000000 0.0000000 -5.5000000 8.0000000 0.1500242
0.5000000 0.5000000 0.5000000 0.0000000 -2.5000000 2.0000000 0.1500242
-0.5000000 -0.5000000 0.5000000 0.0000000 2.5000000 2.0000000 0.1500242
0.4999245 -0.4999245 0.4999245 0.4999245 2.4996225 2.4994715 0.27496375
0.4999245 0.4999245 -0.4999245 0.4999245 -2.5005285 2.5003775 0.27496375
}

032026b {; Anthony Hanmer 18/1/2007, Designed with BRAZIL
0.0000000 0.5000000 0.5000000 0.0000000 -5.5000000 8.0000000 0.1500242
0.5000000 0.5000000 0.5000000 0.0000000 -2.5000000 2.0000000 0.1500242
-0.6728164 0.0064108 0.0000000 0.3715724 -1.9304874 -0.6284276 0.1500242
0.4999245 -0.4999245 0.4999245 0.4999245 2.4996225 2.4994715 0.27496375
0.4999245 0.4999245 -0.4999245 0.4999245 -2.5005285 2.5003775 0.27496375
}

032027b {; Anthony Hanmer 18/1/2007, Designed with BRAZIL
0.0000000 0.5000000 0.5000000 0.0000000 -5.5000000 8.0000000 0.1500242
0.5000000 0.5000000 0.5000000 0.0000000 -2.5000000 2.0000000 0.1500242
0.5000000 -0.5000000 -0.5000000 0.0000000 2.5000000 8.0000000 0.1500242
0.4999245 -0.4999245 0.4999245 0.4999245 2.4996225 2.4994715 0.27496375
0.4999245 0.4999245 -0.4999245 0.4999245 -2.5005285 2.5003775 0.27496375
}

032028b {; Anthony Hanmer 18/1/2007, Designed with BRAZIL
0.0000000 0.5000000 0.5000000 0.0000000 -5.5000000 8.0000000 0.1500242
0.5000000 0.5000000 0.5000000 0.0000000 -2.5000000 2.0000000 0.1500242
0.5000000 0.5000000 -0.5000000 0.0000000 -2.5000000 8.0000000 0.1500242
0.4999245 -0.4999245 0.4999245 0.4999245 2.4996225 2.4994715 0.27496375
0.4999245 0.4999245 -0.4999245 0.4999245 -2.5005285 2.5003775 0.27496375
}

032029b {; Anthony Hanmer 18/1/2007, Designed with BRAZIL
0.0000000 0.5000000 0.5000000 0.0000000 -5.5000000 8.0000000 0.1500242
0.5000000 0.5000000 0.5000000 0.0000000 -2.5000000 2.0000000 0.1500242
0.5000000 0.5000000 -0.5000000 0.0000000 -2.5000000 2.0000000 0.1500242
0.4999245 -0.4999245 0.4999245 0.4999245 2.4996225 2.4994715 0.27496375
0.4999245 0.4999245 -0.4999245 0.4999245 -2.5005285 2.5003775 0.27496375
}

032030b {; Anthony Hanmer 18/1/2007, Designed with BRAZIL
0.0000000 0.5000000 0.5000000 0.0000000 -5.5000000 8.0000000 0.1500242
0.5000000 0.5000000 0.5000000 0.0000000 -2.5000000 2.0000000 0.1500242
-0.5000000 0.5000000 0.5000000 0.0000000 -2.5000000 8.0000000 0.1500242
0.4999245 -0.4999245 0.4999245 0.4999245 2.4996225 2.4994715 0.27496375
0.4999245 0.4999245 -0.4999245 0.4999245 -2.5005285 2.5003775 0.27496375
}

032031b {; Anthony Hanmer 18/1/2007, Designed with BRAZIL
0.0000000 0.5000000 0.5000000 0.0000000 -5.5000000 8.0000000 0.1500242
0.5000000 0.5000000 0.5000000 0.0000000 -2.5000000 2.0000000 0.1500242
-0.5000000 0.5000000 0.5000000 0.0000000 -2.5000000 2.0000000 0.1500242
0.4999245 -0.4999245 0.4999245 0.4999245 2.4996225 2.4994715 0.27496375
0.4999245 0.4999245 -0.4999245 0.4999245 -2.5005285 2.5003775 0.27496375
}

032032b {; Anthony Hanmer 18/1/2007, Designed with BRAZIL
0.0000000 0.5000000 0.5000000 0.0000000 -5.5000000 8.0000000 0.1500242
0.5000000 0.5000000 0.5000000 0.0000000 -2.5000000 2.0000000 0.1500242
-0.5000000 0.0000000 -0.5000000 -0.5000000 3.0000000 7.5000000 0.1500242
0.4999245 -0.4999245 0.4999245 0.4999245 2.4996225 2.4994715 0.27496375
0.4999245 0.4999245 -0.4999245 0.4999245 -2.5005285 2.5003775 0.27496375
}

032033b {; Anthony Hanmer 18/1/2007, Designed with BRAZIL
0.0000000 0.5000000 0.5000000 0.0000000 -5.5000000 8.0000000 0.1500242
0.5000000 0.5000000 0.5000000 0.0000000 -2.5000000 2.0000000 0.1500242
-0.5000000 0.0000000 -0.5000000 -0.5000000 -3.0000000 7.5000000 0.1500242
0.4999245 -0.4999245 0.4999245 0.4999245 2.4996225 2.4994715 0.27496375
0.4999245 0.4999245 -0.4999245 0.4999245 -2.5005285 2.5003775 0.27496375
}

032034b {; Anthony Hanmer 18/1/2007, Designed with BRAZIL
0.0000000 0.5000000 0.5000000 0.0000000 -5.5000000 8.0000000 0.1500242
0.5000000 0.5000000 0.5000000 0.0000000 -2.5000000 2.0000000 0.1500242
0.5000000 0.0000000 0.5000000 -0.5000000 3.0000000 7.5000000 0.1500242
0.4999245 -0.4999245 0.4999245 0.4999245 2.4996225 2.4994715 0.27496375
0.4999245 0.4999245 -0.4999245 0.4999245 -2.5005285 2.5003775 0.27496375
}

032035b {; Anthony Hanmer 18/1/2007, Designed with BRAZIL
0.0000000 0.5000000 0.5000000 0.0000000 -5.5000000 8.0000000 0.1500242
0.5000000 0.5000000 0.5000000 0.0000000 -2.5000000 2.0000000 0.1500242
0.5000000 0.0000000 0.5000000 -0.5000000 -3.0000000 7.5000000 0.1500242
0.4999245 -0.4999245 0.4999245 0.4999245 2.4996225 2.4994715 0.27496375
0.4999245 0.4999245 -0.4999245 0.4999245 -2.5005285 2.5003775 0.27496375
}

032036b {; Anthony Hanmer 18/1/2007, Designed with BRAZIL
0.0000000 0.5000000 0.5000000 0.0000000 -5.5000000 8.0000000 0.1500242
0.5000000 0.5000000 0.5000000 0.0000000 -2.5000000 2.0000000 0.1500242
0.5000000 0.0000000 0.5000000 0.5000000 -3.0000000 2.5000000 0.1500242
0.4999245 -0.4999245 0.4999245 0.4999245 2.4996225 2.4994715 0.27496375
0.4999245 0.4999245 -0.4999245 0.4999245 -2.5005285 2.5003775 0.27496375
}

032037b {; Anthony Hanmer 18/1/2007, Designed with BRAZIL
0.0000000 0.5000000 0.5000000 0.0000000 -5.5000000 8.0000000 0.1500242
0.5000000 0.5000000 0.5000000 0.0000000 -2.5000000 2.0000000 0.1500242
0.5000000 0.0000000 0.5000000 0.5000000 3.0000000 2.5000000 0.1500242
0.4999245 -0.4999245 0.4999245 0.4999245 2.4996225 2.4994715 0.27496375
0.4999245 0.4999245 -0.4999245 0.4999245 -2.5005285 2.5003775 0.27496375
}

032038b {; Anthony Hanmer 18/1/2007, Designed with BRAZIL
0.0000000 0.5000000 0.5000000 0.0000000 -5.5000000 8.0000000 0.1500242
0.5000000 0.5000000 0.5000000 0.0000000 -2.5000000 2.0000000 0.1500242
-0.5000000 0.0000000 -0.5000000 0.5000000 -3.0000000 2.5000000 0.1500242
0.4999245 -0.4999245 0.4999245 0.4999245 2.4996225 2.4994715 0.27496375
0.4999245 0.4999245 -0.4999245 0.4999245 -2.5005285 2.5003775 0.27496375
}

032039b {; Anthony Hanmer 18/1/2007, Designed with BRAZIL
0.0000000 0.5000000 0.5000000 0.0000000 -5.5000000 8.0000000 0.1500242
0.5000000 0.5000000 0.5000000 0.0000000 -2.5000000 2.0000000 0.1500242
-0.5000000 0.0000000 -0.5000000 0.5000000 3.0000000 2.5000000 0.1500242
0.4999245 -0.4999245 0.4999245 0.4999245 2.4996225 2.4994715 0.27496375
0.4999245 0.4999245 -0.4999245 0.4999245 -2.5005285 2.5003775 0.27496375
}

032040b {; Anthony Hanmer 18/1/2007, Designed with BRAZIL
0.0000000 0.5000000 0.5000000 0.0000000 -5.5000000 8.0000000 0.1500242
0.5000000 0.5000000 0.5000000 0.0000000 -2.5000000 2.0000000 0.1500242
0.0000000 0.3715724 -0.6728164 0.0082518 -5.6284276 3.0353536 0.1500242
0.4999245 -0.4999245 0.4999245 0.4999245 2.4996225 2.4994715 0.27496375
0.4999245 0.4999245 -0.4999245 0.4999245 -2.5005285 2.5003775 0.27496375
}

032041b {; Anthony Hanmer 18/1/2007, Designed with BRAZIL
0.0000000 0.5000000 0.5000000 0.0000000 -5.5000000 8.0000000 0.1500242
0.5000000 0.5000000 0.5000000 0.0000000 -2.5000000 2.0000000 0.1500242
-0.5000000 0.0000000 0.5000000 -0.5000000 -3.0000000 7.5000000 0.1500242
0.4999245 -0.4999245 0.4999245 0.4999245 2.4996225 2.4994715 0.27496375
0.4999245 0.4999245 -0.4999245 0.4999245 -2.5005285 2.5003775 0.27496375
}

032042b {; Anthony Hanmer 18/1/2007, Designed with BRAZIL
0.0000000 0.5000000 0.5000000 0.0000000 -5.5000000 8.0000000 0.1500242
0.5000000 0.5000000 0.5000000 0.0000000 -2.5000000 2.0000000 0.1500242
-0.5000000 0.0000000 0.5000000 -0.5000000 3.0000000 7.5000000 0.1500242
0.4999245 -0.4999245 0.4999245 0.4999245 2.4996225 2.4994715 0.27496375
0.4999245 0.4999245 -0.4999245 0.4999245 -2.5005285 2.5003775 0.27496375
}

032043b {; Anthony Hanmer 18/1/2007, Designed with BRAZIL
0.0000000 0.5000000 0.5000000 0.0000000 -5.5000000 8.0000000 0.1500242
0.5000000 0.5000000 0.5000000 0.0000000 -2.5000000 2.0000000 0.1500242
0.5000000 0.0000000 -0.5000000 -0.5000000 3.0000000 7.5000000 0.1500242
0.4999245 -0.4999245 0.4999245 0.4999245 2.4996225 2.4994715 0.27496375
0.4999245 0.4999245 -0.4999245 0.4999245 -2.5005285 2.5003775 0.27496375
}

032044b {; Anthony Hanmer 18/1/2007, Designed with BRAZIL
0.0000000 0.5000000 0.5000000 0.0000000 -5.5000000 8.0000000 0.1500242
0.5000000 0.5000000 0.5000000 0.0000000 -2.5000000 2.0000000 0.1500242
0.5000000 0.0000000 -0.5000000 0.5000000 -3.0000000 2.5000000 0.1500242
0.4999245 -0.4999245 0.4999245 0.4999245 2.4996225 2.4994715 0.27496375
0.4999245 0.4999245 -0.4999245 0.4999245 -2.5005285 2.5003775 0.27496375
}

032045b {; Anthony Hanmer 18/1/2007, Designed with BRAZIL
0.0000000 0.5000000 0.5000000 0.0000000 -5.5000000 8.0000000 0.1500242
0.5000000 0.5000000 0.5000000 0.0000000 -2.5000000 2.0000000 0.1500242
0.5000000 0.0000000 -0.5000000 0.5000000 3.0000000 2.5000000 0.1500242
0.4999245 -0.4999245 0.4999245 0.4999245 2.4996225 2.4994715 0.27496375
0.4999245 0.4999245 -0.4999245 0.4999245 -2.5005285 2.5003775 0.27496375
}

032046b {; Anthony Hanmer 18/1/2007, Designed with BRAZIL
0.0000000 0.5000000 0.5000000 0.0000000 -5.5000000 8.0000000 0.1500242
0.5000000 0.5000000 0.5000000 0.0000000 -2.5000000 2.0000000 0.1500242
-0.5000000 0.0000000 0.5000000 0.5000000 -3.0000000 2.5000000 0.1500242
0.4999245 -0.4999245 0.4999245 0.4999245 2.4996225 2.4994715 0.27496375
0.4999245 0.4999245 -0.4999245 0.4999245 -2.5005285 2.5003775 0.27496375
}

032047b {; Anthony Hanmer 18/1/2007, Designed with BRAZIL
0.0000000 0.5000000 0.5000000 0.0000000 -5.5000000 8.0000000 0.1500242
0.5000000 0.5000000 0.5000000 0.0000000 -2.5000000 2.0000000 0.1500242
-0.5000000 0.0000000 0.5000000 0.5000000 3.0000000 2.5000000 0.1500242
0.4999245 -0.4999245 0.4999245 0.4999245 2.4996225 2.4994715 0.27496375
0.4999245 0.4999245 -0.4999245 0.4999245 -2.5005285 2.5003775 0.27496375
}

032048b {; Anthony Hanmer 18/1/2007, Designed with BRAZIL
0.0000000 0.5000000 0.5000000 0.0000000 -5.5000000 8.0000000 0.1500242
0.5000000 0.5000000 0.5000000 0.0000000 -2.5000000 2.0000000 0.1500242
-0.5000000 -0.5000000 -0.5000000 0.0000000 2.5000000 2.0000000 0.1500242
0.4999245 -0.4999245 0.4999245 0.4999245 2.4996225 2.4994715 0.27496375
0.4999245 0.4999245 -0.4999245 0.4999245 -2.5005285 2.5003775 0.27496375
}

032049b {; Anthony Hanmer 18/1/2007, Designed with BRAZIL
0.0000000 0.5000000 0.5000000 0.0000000 -5.5000000 8.0000000 0.1500242
0.5000000 0.5000000 0.5000000 0.0000000 -2.5000000 2.0000000 0.1500242
0.5000000 0.5000000 0.5000000 0.0000000 -2.5000000 2.0000000 0.1500242
0.4999245 -0.4999245 0.4999245 0.4999245 2.4996225 2.4994715 0.27496375
0.4999245 0.4999245 -0.4999245 0.4999245 -2.5005285 2.5003775 0.27496375
}

032050b {; Anthony Hanmer 18/1/2007, Designed with BRAZIL
0.0000000 0.5000000 0.5000000 0.0000000 -5.5000000 8.0000000 0.1500242
0.5000000 0.5000000 0.5000000 0.0000000 -2.5000000 2.0000000 0.1500242
0.5000000 0.5000000 0.5000000 0.0000000 -2.5000000 8.0000000 0.1500242
0.4999245 -0.4999245 0.4999245 0.4999245 2.4996225 2.4994715 0.27496375
0.4999245 0.4999245 -0.4999245 0.4999245 -2.5005285 2.5003775 0.27496375
}

032051b {; Anthony Hanmer 18/1/2007, Designed with BRAZIL
0.0000000 0.5000000 0.5000000 0.0000000 -5.5000000 8.0000000 0.1500242
0.5000000 0.5000000 0.5000000 0.0000000 -2.5000000 2.0000000 0.1500242
0.5000000 -0.5000000 0.5000000 0.0000000 2.5000000 2.0000000 0.1500242
0.4999245 -0.4999245 0.4999245 0.4999245 2.4996225 2.4994715 0.27496375
0.4999245 0.4999245 -0.4999245 0.4999245 -2.5005285 2.5003775 0.27496375
}

032052b {; Anthony Hanmer 18/1/2007, Designed with BRAZIL
0.0000000 0.5000000 0.5000000 0.0000000 -5.5000000 8.0000000 0.1500242
0.5000000 0.5000000 0.5000000 0.0000000 -2.5000000 2.0000000 0.1500242
-0.5000000 0.0000000 0.0000000 -0.5000000 -3.0000000 4.5000000 0.1500242
0.4999245 -0.4999245 0.4999245 0.4999245 2.4996225 2.4994715 0.27496375
0.4999245 0.4999245 -0.4999245 0.4999245 -2.5005285 2.5003775 0.27496375
}

032053b {; Anthony Hanmer 18/1/2007, Designed with BRAZIL
0.0000000 0.5000000 0.5000000 0.0000000 -5.5000000 8.0000000 0.1500242
0.5000000 0.5000000 0.5000000 0.0000000 -2.5000000 2.0000000 0.1500242
-0.5000000 0.0000000 0.0000000 -0.5000000 3.0000000 4.5000000 0.1500242
0.4999245 -0.4999245 0.4999245 0.4999245 2.4996225 2.4994715 0.27496375
0.4999245 0.4999245 -0.4999245 0.4999245 -2.5005285 2.5003775 0.27496375
}

032054b {; Anthony Hanmer 18/1/2007, Designed with BRAZIL
0.0000000 0.5000000 0.5000000 0.0000000 -5.5000000 8.0000000 0.1500242
0.5000000 0.5000000 0.5000000 0.0000000 -2.5000000 2.0000000 0.1500242
-0.5000000 0.0000000 0.0000000 -0.5000000 3.0000000 10.5000000 0.1500242
0.4999245 -0.4999245 0.4999245 0.4999245 2.4996225 2.4994715 0.27496375
0.4999245 0.4999245 -0.4999245 0.4999245 -2.5005285 2.5003775 0.27496375
}

032055b {; Anthony Hanmer 18/1/2007, Designed with BRAZIL
0.0000000 0.5000000 0.5000000 0.0000000 -5.5000000 8.0000000 0.1500242
0.5000000 0.5000000 0.5000000 0.0000000 -2.5000000 2.0000000 0.1500242
-0.5000000 0.0000000 0.0000000 -0.5000000 -3.0000000 10.5000000 0.1500242
0.4999245 -0.4999245 0.4999245 0.4999245 2.4996225 2.4994715 0.27496375
0.4999245 0.4999245 -0.4999245 0.4999245 -2.5005285 2.5003775 0.27496375
}

032056b {; Anthony Hanmer 18/1/2007, Designed with BRAZIL
0.0000000 0.5000000 0.5000000 0.0000000 -5.5000000 8.0000000 0.1500242
0.5000000 0.5000000 0.5000000 0.0000000 -2.5000000 2.0000000 0.1500242
0.5000000 0.0000000 0.0000000 -0.5000000 3.0000000 10.5000000 0.1500242
0.4999245 -0.4999245 0.4999245 0.4999245 2.4996225 2.4994715 0.27496375
0.4999245 0.4999245 -0.4999245 0.4999245 -2.5005285 2.5003775 0.27496375
}

032057b {; Anthony Hanmer 18/1/2007, Designed with BRAZIL
0.0000000 0.5000000 0.5000000 0.0000000 -5.5000000 8.0000000 0.1500242
0.5000000 0.5000000 0.5000000 0.0000000 -2.5000000 2.0000000 0.1500242
0.5000000 0.0000000 0.0000000 -0.5000000 3.0000000 4.5000000 0.1500242
0.4999245 -0.4999245 0.4999245 0.4999245 2.4996225 2.4994715 0.27496375
0.4999245 0.4999245 -0.4999245 0.4999245 -2.5005285 2.5003775 0.27496375
}

032058b {; Anthony Hanmer 18/1/2007, Designed with BRAZIL
0.0000000 0.5000000 0.5000000 0.0000000 -5.5000000 8.0000000 0.1500242
0.5000000 0.5000000 0.5000000 0.0000000 -2.5000000 2.0000000 0.1500242
0.5000000 0.0000000 0.0000000 -0.5000000 -3.0000000 4.5000000 0.1500242
0.4999245 -0.4999245 0.4999245 0.4999245 2.4996225 2.4994715 0.27496375
0.4999245 0.4999245 -0.4999245 0.4999245 -2.5005285 2.5003775 0.27496375
}

032059b {; Anthony Hanmer 18/1/2007, Designed with BRAZIL
0.0000000 0.5000000 0.5000000 0.0000000 -5.5000000 8.0000000 0.1500242
0.5000000 0.5000000 0.5000000 0.0000000 -2.5000000 2.0000000 0.1500242
0.5000000 0.0000000 0.0000000 -0.5000000 -3.0000000 10.5000000 0.1500242
0.4999245 -0.4999245 0.4999245 0.4999245 2.4996225 2.4994715 0.27496375
0.4999245 0.4999245 -0.4999245 0.4999245 -2.5005285 2.5003775 0.27496375
}

032060b {; Anthony Hanmer 18/1/2007, Designed with BRAZIL
0.0000000 0.5000000 0.5000000 0.0000000 -5.5000000 8.0000000 0.1500242
0.5000000 0.5000000 0.5000000 0.0000000 -2.5000000 2.0000000 0.1500242
-0.5000000 0.0000000 0.0000000 0.5000000 -3.0000000 5.5000000 0.1500242
0.4999245 -0.4999245 0.4999245 0.4999245 2.4996225 2.4994715 0.27496375
0.4999245 0.4999245 -0.4999245 0.4999245 -2.5005285 2.5003775 0.27496375
}

032061b {; Anthony Hanmer 18/1/2007, Designed with BRAZIL
0.0000000 0.5000000 0.5000000 0.0000000 -5.5000000 8.0000000 0.1500242
0.5000000 0.5000000 0.5000000 0.0000000 -2.5000000 2.0000000 0.1500242
-0.5000000 0.0000000 0.0000000 0.5000000 3.0000000 5.5000000 0.1500242
0.4999245 -0.4999245 0.4999245 0.4999245 2.4996225 2.4994715 0.27496375
0.4999245 0.4999245 -0.4999245 0.4999245 -2.5005285 2.5003775 0.27496375
}

032062b {; Anthony Hanmer 18/1/2007, Designed with BRAZIL
0.0000000 0.5000000 0.5000000 0.0000000 -5.5000000 8.0000000 0.1500242
0.5000000 0.5000000 0.5000000 0.0000000 -2.5000000 2.0000000 0.1500242
-0.5000000 0.0000000 0.0000000 0.5000000 3.0000000 -0.5000000 0.1500242
0.4999245 -0.4999245 0.4999245 0.4999245 2.4996225 2.4994715 0.27496375
0.4999245 0.4999245 -0.4999245 0.4999245 -2.5005285 2.5003775 0.27496375
}

032063b {; Anthony Hanmer 18/1/2007, Designed with BRAZIL
0.0000000 0.5000000 0.5000000 0.0000000 -5.5000000 8.0000000 0.1500242
0.5000000 0.5000000 0.5000000 0.0000000 -2.5000000 2.0000000 0.1500242
-0.5000000 0.0000000 0.0000000 0.5000000 -3.0000000 -0.5000000 0.1500242
0.4999245 -0.4999245 0.4999245 0.4999245 2.4996225 2.4994715 0.27496375
0.4999245 0.4999245 -0.4999245 0.4999245 -2.5005285 2.5003775 0.27496375
}

032064b {; Anthony Hanmer 18/1/2007, Designed with BRAZIL
0.0000000 0.5000000 0.5000000 0.0000000 -5.5000000 8.0000000 0.1500242
0.5000000 0.5000000 0.5000000 0.0000000 -2.5000000 2.0000000 0.1500242
0.5000000 0.0000000 0.0000000 0.5000000 3.0000000 -0.5000000 0.1500242
0.4999245 -0.4999245 0.4999245 0.4999245 2.4996225 2.4994715 0.27496375
0.4999245 0.4999245 -0.4999245 0.4999245 -2.5005285 2.5003775 0.27496375
}

032065b {; Anthony Hanmer 18/1/2007, Designed with BRAZIL
0.0000000 0.5000000 0.5000000 0.0000000 -5.5000000 8.0000000 0.1500242
0.5000000 0.5000000 0.5000000 0.0000000 -2.5000000 2.0000000 0.1500242
0.5000000 0.0000000 0.0000000 0.5000000 3.0000000 5.5000000 0.1500242
0.4999245 -0.4999245 0.4999245 0.4999245 2.4996225 2.4994715 0.27496375
0.4999245 0.4999245 -0.4999245 0.4999245 -2.5005285 2.5003775 0.27496375
}

032066b {; Anthony Hanmer 18/1/2007, Designed with BRAZIL
0.0000000 0.5000000 0.5000000 0.0000000 -5.5000000 8.0000000 0.1500242
0.5000000 0.5000000 0.5000000 0.0000000 -2.5000000 2.0000000 0.1500242
0.5000000 0.0000000 0.0000000 0.5000000 -3.0000000 5.5000000 0.1500242
0.4999245 -0.4999245 0.4999245 0.4999245 2.4996225 2.4994715 0.27496375
0.4999245 0.4999245 -0.4999245 0.4999245 -2.5005285 2.5003775 0.27496375
}

032067b {; Anthony Hanmer 18/1/2007, Designed with BRAZIL
0.0000000 0.5000000 0.5000000 0.0000000 -5.5000000 8.0000000 0.1500242
0.5000000 0.5000000 0.5000000 0.0000000 -2.5000000 2.0000000 0.1500242
0.5000000 0.0000000 0.0000000 0.5000000 -3.0000000 -0.5000000 0.1500242
0.4999245 -0.4999245 0.4999245 0.4999245 2.4996225 2.4994715 0.27496375
0.4999245 0.4999245 -0.4999245 0.4999245 -2.5005285 2.5003775 0.27496375
}

032068b {; Anthony Hanmer 18/1/2007, Designed with BRAZIL
0.0000000 0.5000000 0.5000000 0.0000000 -5.5000000 8.0000000 0.1500242
0.5000000 0.5000000 0.5000000 0.0000000 -2.5000000 2.0000000 0.1500242
0.0000000 0.5000000 -0.5000000 0.0000000 -5.5000000 2.0000000 0.1500242
0.4999245 -0.4999245 0.4999245 0.4999245 2.4996225 2.4994715 0.27496375
0.4999245 0.4999245 -0.4999245 0.4999245 -2.5005285 2.5003775 0.27496375
}

032069b {; Anthony Hanmer 18/1/2007, Designed with BRAZIL
0.0000000 0.5000000 0.5000000 0.0000000 -5.5000000 8.0000000 0.1500242
0.5000000 0.5000000 0.5000000 0.0000000 -2.5000000 2.0000000 0.1500242
0.0000000 0.5000000 -0.5000000 0.0000000 0.5000000 2.0000000 0.1500242
0.4999245 -0.4999245 0.4999245 0.4999245 2.4996225 2.4994715 0.27496375
0.4999245 0.4999245 -0.4999245 0.4999245 -2.5005285 2.5003775 0.27496375
}

032070b {; Anthony Hanmer 18/1/2007, Designed with BRAZIL
0.0000000 0.5000000 0.5000000 0.0000000 -5.5000000 8.0000000 0.1500242
0.5000000 0.5000000 0.5000000 0.0000000 -2.5000000 2.0000000 0.1500242
0.0000000 0.5000000 -0.5000000 0.0000000 0.5000000 8.0000000 0.1500242
0.4999245 -0.4999245 0.4999245 0.4999245 2.4996225 2.4994715 0.27496375
0.4999245 0.4999245 -0.4999245 0.4999245 -2.5005285 2.5003775 0.27496375
}

032071b {; Anthony Hanmer 18/1/2007, Designed with BRAZIL
0.0000000 0.5000000 0.5000000 0.0000000 -5.5000000 8.0000000 0.1500242
0.5000000 0.5000000 0.5000000 0.0000000 -2.5000000 2.0000000 0.1500242
0.0000000 0.5000000 -0.5000000 0.0000000 -5.5000000 8.0000000 0.1500242
0.4999245 -0.4999245 0.4999245 0.4999245 2.4996225 2.4994715 0.27496375
0.4999245 0.4999245 -0.4999245 0.4999245 -2.5005285 2.5003775 0.27496375
}

032072b {; Anthony Hanmer 18/1/2007, Designed with BRAZIL
0.0000000 0.5000000 0.5000000 0.0000000 -5.5000000 8.0000000 0.1500242
0.5000000 0.5000000 0.5000000 0.0000000 -2.5000000 2.0000000 0.1500242
0.0000000 0.5000000 0.5000000 0.0000000 -5.5000000 8.0000000 0.1500242
0.4999245 -0.4999245 0.4999245 0.4999245 2.4996225 2.4994715 0.27496375
0.4999245 0.4999245 -0.4999245 0.4999245 -2.5005285 2.5003775 0.27496375
}

032073b {; Anthony Hanmer 18/1/2007, Designed with BRAZIL
0.0000000 0.5000000 0.5000000 0.0000000 -5.5000000 8.0000000 0.1500242
0.5000000 0.5000000 0.5000000 0.0000000 -2.5000000 2.0000000 0.1500242
0.0000000 0.5000000 0.5000000 0.0000000 0.5000000 8.0000000 0.1500242
0.4999245 -0.4999245 0.4999245 0.4999245 2.4996225 2.4994715 0.27496375
0.4999245 0.4999245 -0.4999245 0.4999245 -2.5005285 2.5003775 0.27496375
}

032074b {; Anthony Hanmer 18/1/2007, Designed with BRAZIL
0.0000000 0.5000000 0.5000000 0.0000000 -5.5000000 8.0000000 0.1500242
0.5000000 0.5000000 0.5000000 0.0000000 -2.5000000 2.0000000 0.1500242
0.0000000 0.5000000 0.5000000 0.0000000 0.5000000 2.0000000 0.1500242
0.4999245 -0.4999245 0.4999245 0.4999245 2.4996225 2.4994715 0.27496375
0.4999245 0.4999245 -0.4999245 0.4999245 -2.5005285 2.5003775 0.27496375
}

032075b {; Anthony Hanmer 18/1/2007, Designed with BRAZIL
0.0000000 0.5000000 0.5000000 0.0000000 -5.5000000 8.0000000 0.1500242
0.5000000 0.5000000 0.5000000 0.0000000 -2.5000000 2.0000000 0.1500242
0.0000000 0.5000000 0.5000000 0.0000000 -5.5000000 2.0000000 0.1500242
0.4999245 -0.4999245 0.4999245 0.4999245 2.4996225 2.4994715 0.27496375
0.4999245 0.4999245 -0.4999245 0.4999245 -2.5005285 2.5003775 0.27496375
}

032076b {; Anthony Hanmer 18/1/2007, Designed with BRAZIL
0.0000000 0.5000000 0.5000000 0.0000000 -5.5000000 8.0000000 0.1500242
0.5000000 0.5000000 0.5000000 0.0000000 -2.5000000 2.0000000 0.1500242
0.0000000 -0.5000000 0.5000000 0.0000000 -0.5000000 2.0000000 0.1500242
0.4999245 -0.4999245 0.4999245 0.4999245 2.4996225 2.4994715 0.27496375
0.4999245 0.4999245 -0.4999245 0.4999245 -2.5005285 2.5003775 0.27496375
}

032077b {; Anthony Hanmer 18/1/2007, Designed with BRAZIL
0.0000000 0.5000000 0.5000000 0.0000000 -5.5000000 8.0000000 0.1500242
0.5000000 0.5000000 0.5000000 0.0000000 -2.5000000 2.0000000 0.1500242
0.0000000 -0.5000000 0.5000000 0.0000000 5.5000000 2.0000000 0.1500242
0.4999245 -0.4999245 0.4999245 0.4999245 2.4996225 2.4994715 0.27496375
0.4999245 0.4999245 -0.4999245 0.4999245 -2.5005285 2.5003775 0.27496375
}

032078b {; Anthony Hanmer 18/1/2007, Designed with BRAZIL
0.0000000 0.5000000 0.5000000 0.0000000 -5.5000000 8.0000000 0.1500242
0.5000000 0.5000000 0.5000000 0.0000000 -2.5000000 2.0000000 0.1500242
0.0000000 -0.5000000 0.5000000 0.0000000 5.5000000 8.0000000 0.1500242
0.4999245 -0.4999245 0.4999245 0.4999245 2.4996225 2.4994715 0.27496375
0.4999245 0.4999245 -0.4999245 0.4999245 -2.5005285 2.5003775 0.27496375
}

032079b {; Anthony Hanmer 18/1/2007, Designed with BRAZIL
