DC001 {; Tony Hanmer 3/2002, Designed with BRAZIL:  Dragon Curves
; Including new rendering methods, textures & linear variations
; Total number of items in this file:  387.
-0.4999245 -0.4999245 0.4999245 -0.4999245 0.7005285 7.4996225 0.5
0.4999245 -0.4999245 0.4999245 0.4999245 4.2996225 2.4994715 0.5
}

DC002 {; Tony Hanmer 3/2002, Designed with BRAZIL:  DC size 2
0.4999245 -0.4999245 0.4999245 0.4999245 0.1356225 2.4994715 0.5
-0.4999245 -0.4999245 0.4999245 -0.4999245 4.2405285 7.4996225 0.5
}

DC002b6 {; Tony Hanmer 3/2002, Designed with BRAZIL:  DC size 2 variation
0.3535534 0.3535534 0.3535534 0.3535534 -3.5251263 4.9362330 -0.1428571
0.4999245 -0.4999245 0.4999245 0.4999245 0.1356225 2.4994715 0.5
-0.4999245 -0.4999245 0.4999245 -0.4999245 4.2405285 7.4996225 0.5
}

DC003 {; Tony Hanmer 3/2002, Designed with BRAZIL:  DC size 3
0.4999245 -0.4999245 0.4999245 0.4999245 -0.2963775 2.4994715 0.5
-0.4999245 -0.4999245 0.4999245 -0.4999245 4.5405285 7.4996225 0.5
}

DC003b1 {; Tony Hanmer 3/2002, Designed with BRAZIL:  DC size 3 variation
0.3535534 -0.3535534 0.3535534 0.3535534 -3.5251263 4.9362330 0.1428571
0.4999245 -0.4999245 0.4999245 0.4999245 -0.2963775 2.4994715 0.5
-0.4999245 -0.4999245 0.4999245 -0.4999245 4.5405285 7.4996225 0.5
}

DC003b2 {; Tony Hanmer 3/2002, Designed with BRAZIL:  DC size 3 variation
0.3535534 0.3535534 -0.3535534 0.3535534 -3.5251263 4.9362330 0.1428571
0.4999245 -0.4999245 0.4999245 0.4999245 -0.2963775 2.4994715 0.5
-0.4999245 -0.4999245 0.4999245 -0.4999245 4.5405285 7.4996225 0.5
}

DC003b3 {; Tony Hanmer 3/2002, Designed with BRAZIL:  DC size 3 variation
0.3535534 0.3535534 0.3535534 -0.3535534 -3.5251263 4.9362330 0.1428571
0.4999245 -0.4999245 0.4999245 0.4999245 -0.2963775 2.4994715 0.5
-0.4999245 -0.4999245 0.4999245 -0.4999245 4.5405285 7.4996225 0.5
}

DC003b6 {; Tony Hanmer 3/2002, Designed with BRAZIL:  DC size 3 variation
0.3535534 0.3535534 0.3535534 0.3535534 -3.5251263 4.9362330 -0.1428571
0.4999245 -0.4999245 0.4999245 0.4999245 -0.2963775 2.4994715 0.5
-0.4999245 -0.4999245 0.4999245 -0.4999245 4.5405285 7.4996225 0.5
}

DC003b7 {; Tony Hanmer 3/2002, Designed with BRAZIL:  DC size 3 variation
-0.3535534 0.3535534 0.3535534 0.3535534 -3.5251263 4.9362330 0.1428571
0.4999245 -0.4999245 0.4999245 0.4999245 -0.2963775 2.4994715 0.5
-0.4999245 -0.4999245 0.4999245 -0.4999245 4.5405285 7.4996225 0.5
}

DC003bz {; Tony Hanmer 3/2002, Designed with BRAZIL:  DC size 3 variation
0.3535534 0.3535534 0.3535534 -0.3535534 0.5251263 4.9362330 0.1428571
0.4999245 -0.4999245 0.4999245 0.4999245 -0.2963775 2.4994715 0.5
-0.4999245 -0.4999245 0.4999245 -0.4999245 4.5405285 7.4996225 0.5
}

DCv002 {; Tony Hanmer 3/2002, Designed with BRAZIL:  DC vertical size 2
0.4999245 -0.4999245 0.4999245 0.4999245 2.4996225 0.0154715 0.5
-0.4999245 -0.4999245 0.4999245 -0.4999245 2.5005285 8.9636225 0.5
}

DCv002b1 {; Tony Hanmer 3/2002, Designed with BRAZIL:  DC v size 2 variation
0.3535534 -0.3535534 0.3535534 0.3535534 -3.5251263 4.9362330 0.1428571
0.4999245 -0.4999245 0.4999245 0.4999245 2.4996225 0.0154715 0.5
-0.4999245 -0.4999245 0.4999245 -0.4999245 2.5005285 8.9636225 0.5
}

DCv002b2 {; Tony Hanmer 3/2002, Designed with BRAZIL:  DC v size 2 variation
0.3535534 0.3535534 -0.3535534 0.3535534 -3.5251263 4.9362330 0.1428571
0.4999245 -0.4999245 0.4999245 0.4999245 2.4996225 0.0154715 0.5
-0.4999245 -0.4999245 0.4999245 -0.4999245 2.5005285 8.9636225 0.5
}

DCv002b3 {; Tony Hanmer 3/2002, Designed with BRAZIL:  DC v size 2 variation
0.3535534 0.3535534 0.3535534 -0.3535534 -3.5251263 4.9362330 0.1428571
0.4999245 -0.4999245 0.4999245 0.4999245 2.4996225 0.0154715 0.5
-0.4999245 -0.4999245 0.4999245 -0.4999245 2.5005285 8.9636225 0.5
}

DCv002b6 {; Tony Hanmer 3/2002, Designed with BRAZIL:  DC v size 2 variation
0.3535534 0.3535534 0.3535534 0.3535534 -3.5251263 4.9362330 -0.1428571
0.4999245 -0.4999245 0.4999245 0.4999245 2.4996225 0.0154715 0.5
-0.4999245 -0.4999245 0.4999245 -0.4999245 2.5005285 8.9636225 0.5
}

DCv002b7 {; Tony Hanmer 3/2002, Designed with BRAZIL:  DC v size 2 variation
-0.3535534 0.3535534 0.3535534 0.3535534 -3.5251263 4.9362330 0.1428571
0.4999245 -0.4999245 0.4999245 0.4999245 2.4996225 0.0154715 0.5
-0.4999245 -0.4999245 0.4999245 -0.4999245 2.5005285 8.9636225 0.5
}

DCv002bz {; Tony Hanmer 3/2002, Designed with BRAZIL:  DC v size 2 variation
0.3535534 0.3535534 0.3535534 -0.3535534 0.5251263 4.9362330 0.1428571
0.4999245 -0.4999245 0.4999245 0.4999245 2.4996225 0.0154715 0.5
-0.4999245 -0.4999245 0.4999245 -0.4999245 2.5005285 8.9636225 0.5
}

DC0021bb6 {; Tony Hanmer 3/2002, Designed with BRAZIL:  DC size 2 variation
0.3535534 0.3535534 0.3535534 0.3535534 -3.5251263 4.9362330 0.1428571
0.3535534 0.3535534 0.3535534 0.3535534 -3.5251263 4.9362330 -0.1428571
0.4999245 -0.4999245 0.4999245 0.4999245 0.1356225 2.4994715 0.5
-0.4999245 -0.4999245 0.4999245 -0.4999245 4.2405285 7.4996225 0.5
}

DC002b1b6 {; Tony Hanmer 3/2002, Designed with BRAZIL:  DC size 2 variation
0.3535534 -0.3535534 0.3535534 0.3535534 -3.5251263 4.9362330 0.1428571
0.3535534 0.3535534 0.3535534 0.3535534 -3.5251263 4.9362330 -0.1428571
0.4999245 -0.4999245 0.4999245 0.4999245 0.1356225 2.4994715 0.5
-0.4999245 -0.4999245 0.4999245 -0.4999245 4.2405285 7.4996225 0.5
}

DC002b4b5 {; Tony Hanmer 3/2002, Designed with BRAZIL:  DC size 2 variation
0.3535534 0.3535534 0.3535534 0.3535534 -3.5251263 -4.9362330 0.1428571
0.3535534 0.3535534 0.3535534 0.3535534 3.5251263 4.9362330 0.1428571
0.4999245 -0.4999245 0.4999245 0.4999245 0.1356225 2.4994715 0.5
-0.4999245 -0.4999245 0.4999245 -0.4999245 4.2405285 7.4996225 0.5
}

DC002bxby {; Tony Hanmer 3/2002, Designed with BRAZIL:  DC size 2 variation
0.3535534 0.3535534 0.3535534 0.3535534 0.5251263 4.9362330 0.1428571
0.3535534 0.3535534 0.3535534 0.3535534 -3.5251263 -0.9362330 0.1428571
0.4999245 -0.4999245 0.4999245 0.4999245 0.1356225 2.4994715 0.5
-0.4999245 -0.4999245 0.4999245 -0.4999245 4.2405285 7.4996225 0.5
}

DC004 {; Tony Hanmer 3/2002, Designed with BRAZIL:  DC variation
0.4999245 -0.4999245 0.4999245 0.4999245 0.1356225 2.4994715 0.495048
-0.4999245 -0.4999245 0.4999245 -0.4999245 4.2405285 7.4996225 0.495048
0.005 0 0 0.707 -5.394 0.283 0.009904
}

DC004a {; Tony Hanmer 3/2002, Designed with BRAZIL:  DC variation
0.4999245 -0.4999245 0.4999245 0.4999245 0.1356225 2.4994715 0.4
-0.4999245 -0.4999245 0.4999245 -0.4999245 4.2405285 7.4996225 0.3
0.001 0 0 0.707 -5.394 0.283 0.4
}

DC004b6 {; Tony Hanmer 3/2002, Designed with Brazil:  DC variation
0.3535534 0.3535534 0.3535534 0.3535534 -3.5251263 4.9362330 -0.1428571
0.4999245 -0.4999245 0.4999245 0.4999245 0.1356225 2.4994715 0.495048
-0.4999245 -0.4999245 0.4999245 -0.4999245 4.2405285 7.4996225 0.495048
0.005 0 0 0.707 -5.394 0.283 0.009904
}

DC004b8 {; Tony Hanmer 3/2002, Designed with Brazil:  DC variation  
0.3535534 0.3535534 0.3535534 0.3535534 3.5251263 -4.9362330 0.1428571
0.4999245 -0.4999245 0.4999245 0.4999245 0.1356225 2.4994715 0.495048
-0.4999245 -0.4999245 0.4999245 -0.4999245 4.2405285 7.4996225 0.495048
0.005 0 0 0.707 -5.394 0.283 0.009904
}

DC004b9 {; Tony Hanmer 3/2002, Designed with Brazil:  DC variation  
0.3535534 0.3535534 0.3535534 0.3535534 -3.5251263 0.9362330 0.1428571
0.4999245 -0.4999245 0.4999245 0.4999245 0.1356225 2.4994715 0.495048
-0.4999245 -0.4999245 0.4999245 -0.4999245 4.2405285 7.4996225 0.495048
0.005 0 0 0.707 -5.394 0.283 0.009904
}

DC004bx {; Tony Hanmer 3/2002, Designed with Brazil:  DC variation  
0.3535534 0.3535534 0.3535534 0.3535534 -3.5251263 -0.9362330 0.1428571
0.4999245 -0.4999245 0.4999245 0.4999245 0.1356225 2.4994715 0.495048
-0.4999245 -0.4999245 0.4999245 -0.4999245 4.2405285 7.4996225 0.495048
0.005 0 0 0.707 -5.394 0.283 0.009904
}

DC004by {; Tony Hanmer 3/2002, Designed with Brazil:  DC variation  
0.3535534 0.3535534 0.3535534 0.3535534 0.5251263 4.9362330 0.1428571
0.4999245 -0.4999245 0.4999245 0.4999245 0.1356225 2.4994715 0.495048
-0.4999245 -0.4999245 0.4999245 -0.4999245 4.2405285 7.4996225 0.495048
0.005 0 0 0.707 -5.394 0.283 0.009904
}

DC004c1 {; Tony Hanmer 3/2002, Designed with Brazil:  DC variation  
-0.3535534 -0.3535534 0.3535534 0.3535534 -3.5251263 4.9362330 0.1428571
0.4999245 -0.4999245 0.4999245 0.4999245 0.1356225 2.4994715 0.495048
-0.4999245 -0.4999245 0.4999245 -0.4999245 4.2405285 7.4996225 0.495048
0.005 0 0 0.707 -5.394 0.283 0.009904
}

DC004c2 {; Tony Hanmer 3/2002, Designed with Brazil:  DC variation  
-0.3535534 0.3535534 -0.3535534 0.3535534 -3.5251263 4.9362330 0.1428571
0.4999245 -0.4999245 0.4999245 0.4999245 0.1356225 2.4994715 0.495048
-0.4999245 -0.4999245 0.4999245 -0.4999245 4.2405285 7.4996225 0.495048
0.005 0 0 0.707 -5.394 0.283 0.009904
}

DC004c3 {; Tony Hanmer 3/2002, Designed with Brazil:  DC variation  
-0.3535534 0.3535534 0.3535534 -0.3535534 -3.5251263 4.9362330 0.1428571
0.4999245 -0.4999245 0.4999245 0.4999245 0.1356225 2.4994715 0.495048
-0.4999245 -0.4999245 0.4999245 -0.4999245 4.2405285 7.4996225 0.495048
0.005 0 0 0.707 -5.394 0.283 0.009904
}

DC004cz {; Tony Hanmer 3/2002, Designed with Brazil:  DC variation  
-0.3535534 0.3535534 0.3535534 -0.3535534 0.5251263 4.9362330 0.1428571
0.4999245 -0.4999245 0.4999245 0.4999245 0.1356225 2.4994715 0.495048
-0.4999245 -0.4999245 0.4999245 -0.4999245 4.2405285 7.4996225 0.4950480
0.005 0 0 0.707 -5.394 0.283 0.009904
}

DC004cza {; Tony Hanmer 3/2002, Designed with Brazil:  DC variation  
-0.3535534 0.3535534 0.3535534 -0.3535534 0.5251263 4.9362330 0.428571
0.4999245 -0.4999245 0.4999245 0.4999245 0.1356225 2.4994715 0.195048
-0.4999245 -0.4999245 0.4999245 -0.4999245 4.2405285 7.4996225 0.495048
0.005 0 0 0.707 -5.394 0.283 0.009904
}

DC0041d {; Tony Hanmer 3/2002, Designed with Brazil:  DC variation  
-0.3535534 -0.3535534 0.3535534 0.3535534 -3.5251263 4.9362330 0.1428571
0.4999245 -0.4999245 0.4999245 0.4999245 0.1356225 2.4994715 0.495048
-0.4999245 -0.4999245 0.4999245 -0.4999245 4.2405285 7.4996225 0.495048
0.005 0 0 0.707 -5.394 0.283 0.009904
}

DC004d4 {; Tony Hanmer 3/2002, Designed with Brazil:  DC variation  
-0.3535534 -0.3535534 0.3535534 0.3535534 3.5251263 4.9362330 0.1428571
0.4999245 -0.4999245 0.4999245 0.4999245 0.1356225 2.4994715 0.495048
-0.4999245 -0.4999245 0.4999245 -0.4999245 4.2405285 7.4996225 0.495048
0.005 0 0 0.707 -5.394 0.283 0.009904
}

DC004d5 {; Tony Hanmer 3/2002, Designed with Brazil:  DC variation  
-0.3535534 -0.3535534 0.3535534 0.3535534 -3.5251263 -4.9362330 0.1428571
0.4999245 -0.4999245 0.4999245 0.4999245 0.1356225 2.4994715 0.495048
-0.4999245 -0.4999245 0.4999245 -0.4999245 4.2405285 7.4996225 0.495048
0.005 0 0 0.707 -5.394 0.283 0.009904
}

DC004d8 {; Tony Hanmer 3/2002, Designed with Brazil:  DC variation  
-0.3535534 -0.3535534 0.3535534 0.3535534 3.5251263 -4.9362330 0.1428571
0.4999245 -0.4999245 0.4999245 0.4999245 0.1356225 2.4994715 0.495048
-0.4999245 -0.4999245 0.4999245 -0.4999245 4.2405285 7.4996225 0.495048
0.005 0 0 0.707 -5.394 0.283 0.009904
}

DC004d9 {; Tony Hanmer 3/2002, Designed with Brazil:  DC variation  
-0.3535534 -0.3535534 0.3535534 0.3535534 -3.5251263 0.9362330 0.1428571
0.4999245 -0.4999245 0.4999245 0.4999245 0.1356225 2.4994715 0.495048
-0.4999245 -0.4999245 0.4999245 -0.4999245 4.2405285 7.4996225 0.495048
0.005 0 0 0.707 -5.394 0.283 0.009904
}

DC004dx {; Tony Hanmer 3/200:  
-0.3535534 -0.3535534 0.3535534 0.3535534 -3.5251263 -0.9362330 0.1428571
0.4999245 -0.4999245 0.4999245 0.4999245 0.1356225 2.4994715 0.495048
-0.4999245 -0.4999245 0.4999245 -0.4999245 4.2405285 7.4996225 0.495048
0.005 0 0 0.707 -5.394 0.283 0.009904
}

DC004dy {; Tony Hanmer 3/2002, Designed with Brazil:  DC variation  
-0.3535534 -0.3535534 0.3535534 0.3535534 0.5251263 4.9362330 0.1428571
0.4999245 -0.4999245 0.4999245 0.4999245 0.1356225 2.4994715 0.495048
-0.4999245 -0.4999245 0.4999245 -0.4999245 4.2405285 7.4996225 0.495048
0.005 0 0 0.707 -5.394 0.283 0.009904
}

DC0041e {; Tony Hanmer 3/2002, Designed with Brazil:  DC variation  
-0.3535534 0.3535534 -0.3535534 0.3535534 -3.5251263 4.9362330 0.1428571
0.4999245 -0.4999245 0.4999245 0.4999245 0.1356225 2.4994715 0.495048
-0.4999245 -0.4999245 0.4999245 -0.4999245 4.2405285 7.4996225 0.495048
0.005 0 0 0.707 -5.394 0.283 0.009904
}

DC004e4 {; Tony Hanmer 3/200:  
-0.3535534 0.3535534 -0.3535534 0.3535534 3.5251263 4.9362330 0.1428571
0.4999245 -0.4999245 0.4999245 0.4999245 0.1356225 2.4994715 0.495048
-0.4999245 -0.4999245 0.4999245 -0.4999245 4.2405285 7.4996225 0.495048
0.005 0 0 0.707 -5.394 0.283 0.009904
}

DC004e5 {; Tony Hanmer 3/2002, Designed with Brazil:  DC variation  
-0.3535534 0.3535534 -0.3535534 0.3535534 -3.5251263 -4.9362330 0.1428571
0.4999245 -0.4999245 0.4999245 0.4999245 0.1356225 2.4994715 0.495048
-0.4999245 -0.4999245 0.4999245 -0.4999245 4.2405285 7.4996225 0.495048
0.005 0 0 0.707 -5.394 0.283 0.009904
}

DC004e8 {; Tony Hanmer 3/2002, Designed with Brazil:  DC variation  
-0.3535534 0.3535534 -0.3535534 0.3535534 3.5251263 -4.9362330 0.1428571
0.4999245 -0.4999245 0.4999245 0.4999245 0.1356225 2.4994715 0.495048
-0.4999245 -0.4999245 0.4999245 -0.4999245 4.2405285 7.4996225 0.495048
0.005 0 0 0.707 -5.394 0.283 0.009904
}

DC004e9 {; Tony Hanmer 3/2002, Designed with Brazil:  DC variation  
-0.3535534 0.3535534 -0.3535534 0.3535534 -3.5251263 0.9362330 0.1428571
0.4999245 -0.4999245 0.4999245 0.4999245 0.1356225 2.4994715 0.495048
-0.4999245 -0.4999245 0.4999245 -0.4999245 4.2405285 7.4996225 0.495048
0.005 0 0 0.707 -5.394 0.283 0.009904
}

DC004ex {; Tony Hanmer 3/2002, Designed with Brazil:  DC variation  
-0.3535534 0.3535534 -0.3535534 0.3535534 -3.5251263 -0.9362330 0.1428571
0.4999245 -0.4999245 0.4999245 0.4999245 0.1356225 2.4994715 0.495048
-0.4999245 -0.4999245 0.4999245 -0.4999245 4.2405285 7.4996225 0.495048
0.005 0 0 0.707 -5.394 0.283 0.009904
}

DC004ey {; Tony Hanmer 3/2002, Designed with Brazil:  DC variation  
-0.3535534 0.3535534 -0.3535534 0.3535534 0.5251263 4.9362330 0.1428571
0.4999245 -0.4999245 0.4999245 0.4999245 0.1356225 2.4994715 0.495048
-0.4999245 -0.4999245 0.4999245 -0.4999245 4.2405285 7.4996225 0.495048
0.005 0 0 0.707 -5.394 0.283 0.009904
}

DC004ez {; Tony Hanmer 3/2002, Designed with Brazil:  DC variation  
-0.3535534 0.3535534 -0.3535534 -0.3535534 0.5251263 4.9362330 0.1428571
0.4999245 -0.4999245 0.4999245 0.4999245 0.1356225 2.4994715 0.495048
-0.4999245 -0.4999245 0.4999245 -0.4999245 4.2405285 7.4996225 0.495048
0.005 0 0 0.707 -5.394 0.283 0.009904
}

DC0041f {; Tony Hanmer 3/2002, Designed with Brazil:  DC variation  
-0.3535534 0.3535534 0.3535534 -0.3535534 -3.5251263 4.9362330 0.1428571
0.4999245 -0.4999245 0.4999245 0.4999245 0.1356225 2.4994715 0.495048
-0.4999245 -0.4999245 0.4999245 -0.4999245 4.2405285 7.4996225 0.495048
0.005 0 0 0.707 -5.394 0.283 0.009904
}

DC004f4 {; Tony Hanmer 3/2002, Designed with Brazil:  DC variation  
-0.3535534 0.3535534 0.3535534 -0.3535534 3.5251263 4.9362330 0.1428571
0.4999245 -0.4999245 0.4999245 0.4999245 0.1356225 2.4994715 0.495048
-0.4999245 -0.4999245 0.4999245 -0.4999245 4.2405285 7.4996225 0.495048
0.005 0 0 0.707 -5.394 0.283 0.009904
}

DC004f5 {; Tony Hanmer 3/2002, Designed with Brazil:  DC variation  
-0.3535534 0.3535534 0.3535534 -0.3535534 -3.5251263 -4.9362330 0.1428571
0.4999245 -0.4999245 0.4999245 0.4999245 0.1356225 2.4994715 0.495048
-0.4999245 -0.4999245 0.4999245 -0.4999245 4.2405285 7.4996225 0.495048
0.005 0 0 0.707 -5.394 0.283 0.009904
}

DC004f8 {; Tony Hanmer 3/2002, Designed with Brazil:  DC variation  
-0.3535534 0.3535534 0.3535534 -0.3535534 3.5251263 -4.9362330 0.1428571
0.4999245 -0.4999245 0.4999245 0.4999245 0.1356225 2.4994715 0.495048
-0.4999245 -0.4999245 0.4999245 -0.4999245 4.2405285 7.4996225 0.495048
0.005 0 0 0.707 -5.394 0.283 0.009904
}

DC004f9 {; Tony Hanmer 3/2002, Designed with Brazil:  DC variation  
-0.3535534 0.3535534 0.3535534 -0.3535534 -3.5251263 0.9362330 0.1428571
0.4999245 -0.4999245 0.4999245 0.4999245 0.1356225 2.4994715 0.495048
-0.4999245 -0.4999245 0.4999245 -0.4999245 4.2405285 7.4996225 0.495048
0.005 0 0 0.707 -5.394 0.283 0.009904
}

DC004fx {; Tony Hanmer 3/2002, Designed with Brazil:  DC variation  
-0.3535534 0.3535534 0.3535534 -0.3535534 -3.5251263 -0.9362330 0.1428571
0.4999245 -0.4999245 0.4999245 0.4999245 0.1356225 2.4994715 0.495048
-0.4999245 -0.4999245 0.4999245 -0.4999245 4.2405285 7.4996225 0.495048
0.005 0 0 0.707 -5.394 0.283 0.009904
}

DC004fy {; Tony Hanmer 3/2002, Designed with Brazil:  DC variation  
-0.3535534 0.3535534 0.3535534 -0.3535534 0.5251263 4.9362330 0.1428571
0.4999245 -0.4999245 0.4999245 0.4999245 0.1356225 2.4994715 0.495048
-0.4999245 -0.4999245 0.4999245 -0.4999245 4.2405285 7.4996225 0.495048
0.005 0 0 0.707 -5.394 0.283 0.009904
}

DC004gz {; Tony Hanmer 3/2002, Designed with Brazil:  DC variation  
-0.3535534 0.3535534 0.3535534 -0.3535534 -0.5251263 4.9362330 0.1428571
0.4999245 -0.4999245 0.4999245 0.4999245 0.1356225 2.4994715 0.495048
-0.4999245 -0.4999245 0.4999245 -0.4999245 4.2405285 7.4996225 0.495048
0.005 0 0 0.707 -5.394 0.283 0.009904
}

DC004h1 {; Tony Hanmer 3/2002, Designed with Brazil:  DC variation  
-0.3535534 -0.3535534 0.3535534 0.3535534 -3.5251263 -4.9362330 0.1428571
0.4999245 -0.4999245 0.4999245 0.4999245 0.1356225 2.4994715 0.495048
-0.4999245 -0.4999245 0.4999245 -0.4999245 4.2405285 7.4996225 0.495048
0.005 0 0 0.707 -5.394 0.283 0.009904
}

DC004h2 {; Tony Hanmer 3/2002, Designed with Brazil:  DC variation  
-0.3535534 0.3535534 -0.3535534 0.3535534 -3.5251263 -4.9362330 0.1428571
0.4999245 -0.4999245 0.4999245 0.4999245 0.1356225 2.4994715 0.495048
-0.4999245 -0.4999245 0.4999245 -0.4999245 4.2405285 7.4996225 0.495048
0.005 0 0 0.707 -5.394 0.283 0.009904
}

DC004h3 {; Tony Hanmer 3/2002, Designed with Brazil:  DC variation  
-0.3535534 0.3535534 0.3535534 -0.3535534 -3.5251263 -4.9362330 0.1428571
0.4999245 -0.4999245 0.4999245 0.4999245 0.1356225 2.4994715 0.495048
-0.4999245 -0.4999245 0.4999245 -0.4999245 4.2405285 7.4996225 0.495048
0.005 0 0 0.707 -5.394 0.283 0.009904
}

DC004h9 {; Tony Hanmer 3/2002, Designed with Brazil:  DC variation  
-4.3535534 0.3535534 0.3535534 0.3535534 -3.5251263 -0.9362330 0.1428571
0.4999245 -0.4999245 0.4999245 0.4999245 0.1356225 2.4994715 0.495048
-0.4999245 -0.4999245 0.4999245 -0.4999245 4.2405285 7.4996225 0.495048
0.005 0 0 0.707 -5.394 0.283 0.009904
}

DC004hz {; Tony Hanmer 3/2002, Designed with Brazil:  DC variation  
-0.3535534 0.3535534 0.3535534 -0.3535534 0.5251263 -4.9362330 0.1428571
0.4999245 -0.4999245 0.4999245 0.4999245 0.1356225 2.4994715 0.495048
-0.4999245 -0.4999245 0.4999245 -0.4999245 4.2405285 7.4996225 0.495048
0.005 0 0 0.707 -5.394 0.283 0.009904
}

DC004j2 {; Tony Hanmer 3/2002, Designed with Brazil:  DC variation  
0.3535534 0.3535534 -0.3535534 0.3535534 3.5251263 4.9362330 0.1428571
0.4999245 -0.4999245 0.4999245 0.4999245 0.1356225 2.4994715 0.495048
-0.4999245 -0.4999245 0.4999245 -0.4999245 4.2405285 7.4996225 0.495048
0.005 0 0 0.707 -5.394 0.283 0.009904
}

DC005 {; Tony Hanmer 3/2002, Designed with BRAZIL:  DC variation
0.4999245 -0.4999245 0.4999245 0.4999245 0.1356225 2.4994715 0.4901932
-0.4999245 -0.4999245 0.4999245 -0.4999245 4.2405285 7.4996225 0.4901932
0 0.707 -0.005 0 -3.685 8.570 0.0098068
0.005 0 0 0.707 -5.346 0.475 0.0098068
}

DC005a {; Tony Hanmer 3/2002, Designed with BRAZIL:  DC variation
0.4999245 -0.4999245 0.4999245 0.4999245 0.1356225 2.4994715 0.45
-0.4999245 -0.4999245 0.4999245 -0.4999245 4.2405285 7.4996225 0.35
0 0.707 -0.001 0 -3.685 8.570 0.2
0.001 0 0 0.707 -5.346 0.475 0.2
}

DC005b {; Tony Hanmer 3/2002, Designed with BRAZIL:  DC variation
0.4999245 -0.4999245 0.4999245 0.4999245 0.1356225 2.4994715 0.45
-0.4999245 -0.4999245 0.4999245 -0.4999245 4.2405285 7.4996225 0.45
0 0.707 -0.001 0 -3.685 4.570 0.05
0.001 0 0 0.707 -5.346 0.475 0.05
}

DC005b6 {; Tony Hanmer 3/2002, Designed with Brazil:  DC variation
0.3535534 0.3535534 0.3535534 0.3535534 -3.5251263 4.9362330 -0.1428571
0.4999245 -0.4999245 0.4999245 0.4999245 0.1356225 2.4994715 0.4901932
-0.4999245 -0.4999245 0.4999245 -0.4999245 4.2405285 7.4996225 0.4901932
0 0.707 -0.005 0 -3.685 8.570 0.0098068
0.005 0 0 0.707 -5.346 0.475 0.0098068
}

DC005c {; Tony Hanmer 3/2002, Designed with BRAZIL:  DC variation
0.4999245 -0.4999245 0.4999245 0.4999245 0.1356225 2.4994715 0.45
-0.4999245 -0.4999245 0.4999245 -0.4999245 4.2405285 7.4996225 0.45
0 0.707 -0.001 0 -3.685 3.570 0.05
0.001 0 0 0.707 -5.346 0.475 0.05
}

DC005d {; Tony Hanmer 3/2002, Designed with BRAZIL:  DC variation
0.4999245 -0.4999245 0.4999245 0.4999245 0.1356225 2.4994715 0.45
-0.4999245 -0.4999245 0.4999245 -0.4999245 4.2405285 7.4996225 0.45
0 0.707 -0.001 0 -3.685 5.570 0.05
0.001 0 0 0.707 -5.346 0.475 0.05
}

DC006 {; Tony Hanmer 3/2002, Designed with BRAZIL:  DC variation
0.4999245 -0.4999245 0.4999245 0.4999245 0.1356225 2.4994715 0.3333333
-0.4999245 -0.4999245 0.4999245 -0.4999245 4.2405285 7.4996225 0.3333333
0.4999245 -0.4999245 -0.4999245 -0.4999245 2.1996225 8.4845285 0.3333333
}

DC006b6 {; Tony Hanmer 3/2002, Designed with BRAZIL:  DC size 2 variation
0.3535534 0.3535534 0.3535534 0.3535534 -3.5251263 4.9362330 -0.1428571
0.4999245 -0.4999245 0.4999245 0.4999245 0.1356225 2.4994715 0.3333333
-0.4999245 -0.4999245 0.4999245 -0.4999245 4.2405285 7.4996225 0.3333333
0.4999245 -0.4999245 -0.4999245 -0.4999245 2.1996225 8.4845285 0.3333333
}

DC007 {; Tony Hanmer 3/2002, Designed with BRAZIL:  DC variation
0.4999245 -0.4999245 0.4999245 0.4999245 0.1356225 2.4994715 0.3333333
-0.4999245 -0.4999245 0.4999245 -0.4999245 4.2405285 7.4996225 0.3333333
0.4999245 -0.4999245 -0.4999245 -0.4999245 1.6236225 9.4085285 0.3333333
}

DC007b6 {; Tony Hanmer 3/2002, Designed with BRAZIL:  DC size 2 variation
0.3535534 0.3535534 0.3535534 0.3535534 -3.5251263 4.9362330 -0.1428571
0.4999245 -0.4999245 0.4999245 0.4999245 0.1356225 2.4994715 0.3333333
-0.4999245 -0.4999245 0.4999245 -0.4999245 4.2405285 7.4996225 0.3333333
0.4999245 -0.4999245 -0.4999245 -0.4999245 1.6236225 9.4085285 0.3333333
}

DC008 {; Tony Hanmer 3/2002, Designed with BRAZIL:  DC variation
0.4999245 -0.4999245 0.4999245 0.4999245 0.1356225 2.4994715 0.3333333
-0.4999245 -0.4999245 0.4999245 -0.4999245 4.2405285 7.4996225 0.3333333
0.4999245 -0.4999245 -0.4999245 -0.4999245 0.5436225 3.5525285 0.3333333
}

DC008b6 {; Tony Hanmer 3/2002, Designed with BRAZIL:  DC size 2 variation
0.3535534 0.3535534 0.3535534 0.3535534 -3.5251263 4.9362330 -0.1428571
0.4999245 -0.4999245 0.4999245 0.4999245 0.1356225 2.4994715 0.3333333
-0.4999245 -0.4999245 0.4999245 -0.4999245 4.2405285 7.4996225 0.3333333
0.4999245 -0.4999245 -0.4999245 -0.4999245 0.5436225 3.5525285 0.3333333
}

DC009 {; Tony Hanmer 3/2002, Designed with BRAZIL:  DC variation
0.4999245 -0.4999245 0.4999245 0.4999245 0.1356225 2.4994715 0.3333333
-0.4999245 -0.4999245 0.4999245 -0.4999245 4.2405285 7.4996225 0.3333333
0.4999245 -0.4999245 -0.4999245 -0.4999245 0.5436225 8.8205285 0.3333333
}

DC009b6 {; Tony Hanmer 3/2002, Designed with BRAZIL:  DC size 2 variation
0.3535534 0.3535534 0.3535534 0.3535534 -3.5251263 4.9362330 -0.1428571
0.4999245 -0.4999245 0.4999245 0.4999245 0.1356225 2.4994715 0.3333333
-0.4999245 -0.4999245 0.4999245 -0.4999245 4.2405285 7.4996225 0.3333333
0.4999245 -0.4999245 -0.4999245 -0.4999245 0.5436225 8.8205285 0.3333333
}

DC010 {; Tony Hanmer 3/2002, Designed with BRAZIL:  DC variation
0.4999245 -0.4999245 0.4999245 0.4999245 0.1356225 2.4994715 0.3333333
-0.4999245 -0.4999245 0.4999245 -0.4999245 4.2405285 7.4996225 0.3333333
0.4999245 -0.4999245 -0.4999245 -0.4999245 -0.7163775 9.4085285 0.3333333
}

DC010b6 {; Tony Hanmer 3/2002, Designed with BRAZIL:  DC size 2 variation
0.3535534 0.3535534 0.3535534 0.3535534 -3.5251263 4.9362330 -0.1428571
0.4999245 -0.4999245 0.4999245 0.4999245 0.1356225 2.4994715 0.3333333
-0.4999245 -0.4999245 0.4999245 -0.4999245 4.2405285 7.4996225 0.3333333
0.4999245 -0.4999245 -0.4999245 -0.4999245 -0.7163775 9.4085285 0.3333333
}

DC011 {; Tony Hanmer 3/2002, Designed with BRAZIL:  DC variation
0.4999245 -0.4999245 0.4999245 0.4999245 0.1356225 2.4994715 0.3333333
-0.4999245 -0.4999245 0.4999245 -0.4999245 4.2405285 7.4996225 0.3333333
0.4999245 0.4999245 -0.4999245 0.4999245 1.4474715 -2.4796225 0.3333333
}

DC011b6 {; Tony Hanmer 3/2002, Designed with BRAZIL:  DC size 2 variation
0.3535534 0.3535534 0.3535534 0.3535534 -3.5251263 4.9362330 -0.1428571
0.4999245 -0.4999245 0.4999245 0.4999245 0.1356225 2.4994715 0.3333333
-0.4999245 -0.4999245 0.4999245 -0.4999245 4.2405285 7.4996225 0.3333333
0.4999245 0.4999245 -0.4999245 0.4999245 1.4474715 -2.4796225 0.3333333
}

DC012 {; Tony Hanmer 3/2002, Designed with BRAZIL:  DC variation
0.4999245 -0.4999245 0.4999245 0.4999245 0.1356225 2.4994715 0.3333333
-0.4999245 -0.4999245 0.4999245 -0.4999245 4.2405285 7.4996225 0.3333333
0.4999245 0.4999245 -0.4999245 0.4999245 -0.8925285 -2.4796225 0.3333333
}

DC012b6 {; Tony Hanmer 3/2002, Designed with BRAZIL:  DC size 2 variation
0.3535534 0.3535534 0.3535534 0.3535534 -3.5251263 4.9362330 -0.1428571
0.4999245 -0.4999245 0.4999245 0.4999245 0.1356225 2.4994715 0.3333333
-0.4999245 -0.4999245 0.4999245 -0.4999245 4.2405285 7.4996225 0.3333333
0.4999245 0.4999245 -0.4999245 0.4999245 -0.8925285 -2.4796225 0.3333333
}

DC013 {; Tony Hanmer 3/2002, Designed with BRAZIL:  DC variation
0.4999245 -0.4999245 0.4999245 0.4999245 0.1356225 2.4994715 0.3333333
-0.4999245 -0.4999245 0.4999245 -0.4999245 4.2405285 7.4996225 0.3333333
0.4999245 0.4999245 -0.4999245 0.4999245 -5.5725285 -0.7156225 0.3333333
}

DC013b6 {; Tony Hanmer 3/2002, Designed with BRAZIL:  DC size 2 variation
0.3535534 0.3535534 0.3535534 0.3535534 -3.5251263 4.9362330 -0.1428571
0.4999245 -0.4999245 0.4999245 0.4999245 0.1356225 2.4994715 0.3333333
-0.4999245 -0.4999245 0.4999245 -0.4999245 4.2405285 7.4996225 0.3333333
0.4999245 0.4999245 -0.4999245 0.4999245 -5.5725285 -0.7156225 0.3333333
}

DC014 {; Tony Hanmer 3/2002, Designed with BRAZIL:  DC variation
0.4999245 -0.4999245 0.4999245 0.4999245 0.1356225 2.4994715 0.3333333
-0.4999245 -0.4999245 0.4999245 -0.4999245 4.2405285 7.4996225 0.3333333
0.4999245 0.4999245 -0.4999245 0.4999245 -6.7485285 2.2123775 0.3333333
}

DC014b6 {; Tony Hanmer 3/2002, Designed with BRAZIL:  DC size 2 variation
0.3535534 0.3535534 0.3535534 0.3535534 -3.5251263 4.9362330 -0.1428571
0.4999245 -0.4999245 0.4999245 0.4999245 0.1356225 2.4994715 0.3333333
-0.4999245 -0.4999245 0.4999245 -0.4999245 4.2405285 7.4996225 0.3333333
0.4999245 0.4999245 -0.4999245 0.4999245 -6.7485285 2.2123775 0.3333333
}

DC015 {; Tony Hanmer 3/2002, Designed with BRAZIL:  DC variation
0.4999245 -0.4999245 0.4999245 0.4999245 0.1356225 2.4994715 0.3333333
-0.4999245 -0.4999245 0.4999245 -0.4999245 4.2405285 7.4996225 0.3333333
0.4999245 0.4999245 -0.4999245 0.4999245 -7.3245285 3.3763775 0.3333333
}

DC015b6 {; Tony Hanmer 3/2002, Designed with BRAZIL:  DC size 2 variation
0.3535534 0.3535534 0.3535534 0.3535534 -3.5251263 4.9362330 -0.1428571
0.4999245 -0.4999245 0.4999245 0.4999245 0.1356225 2.4994715 0.3333333
-0.4999245 -0.4999245 0.4999245 -0.4999245 4.2405285 7.4996225 0.3333333
0.4999245 0.4999245 -0.4999245 0.4999245 -7.3245285 3.3763775 0.3333333
}

DC016 {; Tony Hanmer 3/2002, Designed with BRAZIL:  DC variation
0.4999245 -0.4999245 0.4999245 0.4999245 0.1356225 2.4994715 0.3333333
-0.4999245 -0.4999245 0.4999245 -0.4999245 4.2405285 7.4996225 0.3333333
0 -0.707 -0.707 0 0.169 2.222 0.3333333
}

DC016b6 {; Tony Hanmer 3/2002, Designed with BRAZIL:  DC size 2 variation
0.3535534 0.3535534 0.3535534 0.3535534 -3.5251263 4.9362330 -0.1428571
0.4999245 -0.4999245 0.4999245 0.4999245 0.1356225 2.4994715 0.3333333
-0.4999245 -0.4999245 0.4999245 -0.4999245 4.2405285 7.4996225 0.3333333
0 -0.707 -0.707 0 0.169 2.222 0.3333333
}

DC017 {; Tony Hanmer 3/2002, Designed with BRAZIL:  DC variation
0.4999245 -0.4999245 0.4999245 0.4999245 0.1356225 2.4994715 0.3333333
-0.4999245 -0.4999245 0.4999245 -0.4999245 4.2405285 7.4996225 0.3333333
0 0.707 0.707 0 1.583 10.706 0.3333333
}

DC017b6 {; Tony Hanmer 3/2002, Designed with BRAZIL:  DC size 2 variation
0.3535534 0.3535534 0.3535534 0.3535534 -3.5251263 4.9362330 -0.1428571
0.4999245 -0.4999245 0.4999245 0.4999245 0.1356225 2.4994715 0.3333333
-0.4999245 -0.4999245 0.4999245 -0.4999245 4.2405285 7.4996225 0.3333333
0 0.707 0.707 0 1.583 10.706 0.3333333
}

DC018 {; Tony Hanmer 3/2002, Designed with BRAZIL:  DC variation
0.4999245 -0.4999245 0.4999245 0.4999245 0.1356225 2.4994715 0.3333333
-0.4999245 -0.4999245 0.4999245 -0.4999245 4.2405285 7.4996225 0.3333333
0 0.707 0.707 0 -0.757 6.026 0.3333333
}

DC018b6 {; Tony Hanmer 3/2002, Designed with BRAZIL:  DC size 2 variation
0.3535534 0.3535534 0.3535534 0.3535534 -3.5251263 4.9362330 -0.1428571
0.4999245 -0.4999245 0.4999245 0.4999245 0.1356225 2.4994715 0.3333333
-0.4999245 -0.4999245 0.4999245 -0.4999245 4.2405285 7.4996225 0.3333333
0 0.707 0.707 0 -0.757 6.026 0.3333333
}

DC019 {; Tony Hanmer 3/2002, Designed with BRAZIL:  DC variation
0.4999245 -0.4999245 0.4999245 0.4999245 0.1356225 2.4994715 0.3333333
-0.4999245 -0.4999245 0.4999245 -0.4999245 4.2405285 7.4996225 0.3333333
0 0.707 0.707 0 -2.509 5.438 0.3333333
}

DC019b6 {; Tony Hanmer 3/2002, Designed with BRAZIL:  DC size 2 variation
0.3535534 0.3535534 0.3535534 0.3535534 -3.5251263 4.9362330 -0.1428571
0.4999245 -0.4999245 0.4999245 0.4999245 0.1356225 2.4994715 0.3333333
-0.4999245 -0.4999245 0.4999245 -0.4999245 4.2405285 7.4996225 0.3333333
0 0.707 0.707 0 -2.509 5.438 0.3333333
}

DC020 {; Tony Hanmer 3/2002, Designed with BRAZIL:  DC variation
0.4999245 -0.4999245 0.4999245 0.4999245 0.1356225 2.4994715 0.3333333
-0.4999245 -0.4999245 0.4999245 -0.4999245 4.2405285 7.4996225 0.3333333
0 0.707 -0.707 0 0.419 1.046 0.3333333
}

DC020b6 {; Tony Hanmer 3/2002, Designed with BRAZIL:  DC size 2 variation
0.3535534 0.3535534 0.3535534 0.3535534 -3.5251263 4.9362330 -0.1428571
0.4999245 -0.4999245 0.4999245 0.4999245 0.1356225 2.4994715 0.3333333
-0.4999245 -0.4999245 0.4999245 -0.4999245 4.2405285 7.4996225 0.3333333
0 0.707 -0.707 0 0.419 1.046 0.3333333
}

DC021 {; Tony Hanmer 3/2002, Designed with BRAZIL:  DC variation
0.4999245 -0.4999245 0.4999245 0.4999245 0.1356225 2.4994715 0.3333333
-0.4999245 -0.4999245 0.4999245 -0.4999245 4.2405285 7.4996225 0.3333333
-0.4999245 -0.4999245 0.4999245 -0.4999245 2.1765285 10.2716225 0.3333333
}

DC021b6 {; Tony Hanmer 3/2002, Designed with BRAZIL:  DC size 2 variation
0.3535534 0.3535534 0.3535534 0.3535534 -3.5251263 4.9362330 -0.1428571
0.4999245 -0.4999245 0.4999245 0.4999245 0.1356225 2.4994715 0.3333333
-0.4999245 -0.4999245 0.4999245 -0.4999245 4.2405285 7.4996225 0.3333333
-0.4999245 -0.4999245 0.4999245 -0.4999245 2.1765285 10.2716225 0.3333333
}

DC022 {; Tony Hanmer 3/2002, Designed with BRAZIL:  DC variation
0.4999245 -0.4999245 0.4999245 0.4999245 0.1356225 2.4994715 0.4901932
-0.4999245 -0.4999245 0.4999245 -0.4999245 4.2405285 7.4996225 0.4901932
0.005 0 0 0.5 5.586 2.284 0.0098068
0.5 0 0 0.005 -3 1.057 0.0098068
}

DC022a {; Tony Hanmer 3/2002, Designed with BRAZIL:  DC variation
0.4999245 -0.4999245 0.4999245 0.4999245 0.1356225 2.4994715 0.45
-0.4999245 -0.4999245 0.4999245 -0.4999245 4.2405285 7.4996225 0.35
0.001 0 0 0.5 5.586 2.284 0.2
0.5 0 0 0.001 -3 1.057 0.2
}

DC022b {; Tony Hanmer 3/2002, Designed with BRAZIL:  DC variation
0.4999245 -0.4999245 0.4999245 0.4999245 0.1356225 2.4994715 0.45
-0.4999245 -0.4999245 0.4999245 -0.4999245 4.2405285 7.4996225 0.45
0.005 0 0 0.5 5.586 1.284 0.05
0.5 0 0 0.005 -3 1.057 0.05
}

DC022c {; Tony Hanmer 3/2002, Designed with BRAZIL:  DC variation
0.4999245 -0.4999245 0.4999245 0.4999245 0.1356225 2.4994715 0.45
-0.4999245 -0.4999245 0.4999245 -0.4999245 4.2405285 7.4996225 0.45
0.005 0 0 0.5 5.586 3.284 0.05
0.5 0 0 0.005 -3 1.057 0.05
}

DC022d {; Tony Hanmer 3/2002, Designed with BRAZIL:  DC variation
0.4999245 -0.4999245 0.4999245 0.4999245 0.1356225 2.4994715 0.45
-0.4999245 -0.4999245 0.4999245 -0.4999245 4.2405285 7.4996225 0.45
0.005 0 0 0.5 5.586 4.284 0.05
0.5 0 0 0.005 -3 1.057 0.05
}

DC022b6 {; Tony Hanmer 3/2002, Designed with Brazil:  DC variation
0.3535534 0.3535534 0.3535534 0.3535534 -3.5251263 4.9362330 -0.1428571
0.4999245 -0.4999245 0.4999245 0.4999245 0.1356225 2.4994715 0.4901932
-0.4999245 -0.4999245 0.4999245 -0.4999245 4.2405285 7.4996225 0.4901932
0.005 0 0 0.5 5.586 2.284 0.0098068
0.5 0 0 0.005 -3 1.057 0.0098068
}

DC022b6a {; Tony Hanmer 3/2002, Designed with Brazil:  DC variation
0.3535534 0.3535534 0.3535534 0.3535534 -3.5251263 4.9362330 -0.5428571
0.4999245 -0.4999245 0.4999245 0.4999245 0.1356225 2.4994715 0.101932
-0.4999245 -0.4999245 0.4999245 -0.4999245 4.2405285 7.4996225 0.4901932
0.005 0 0 0.5 5.586 2.284 0.0098068
0.5 0 0 0.005 -3 1.057 0.0098068
}

DC022b6b {; Tony Hanmer 3/2002, Designed with Brazil:  DC variation
0.3535534 0.3535534 0.3535534 0.3535534 -3.5251263 4.9362330 -0.1428571
0.4999245 -0.4999245 0.4999245 0.4999245 0.1356225 2.4994715 0.101932
-0.4999245 -0.4999245 0.4999245 -0.4999245 4.2405285 7.4996225 0.4901932
0.005 0 0 0.5 5.586 2.284 0.5098068
0.5 0 0 0.005 -3 1.057 0.0098068
}

DC022b6c {; Tony Hanmer 3/2002, Designed with Brazil:  DC variation, a favourite
0.3535534 0.3535534 0.3535534 0.3535534 -3.5251263 4.9362330 -0.1428571
0.4999245 -0.4999245 0.4999245 0.4999245 0.1356225 2.4994715 0.4901932
-0.4999245 -0.4999245 0.4999245 -0.4999245 4.2405285 7.4996225 0.4901932
0.001 0 0 0.5 5.586 2.284 0.0098068
0.5 0 0 0.001 -3 1.057 0.0098068
}

DC023 {; Tony Hanmer 3/2002, Designed with BRAZIL:  DC variation
0.4483057 -0.4999245 0.4483057 0.4999245 -0.1740903 2.1897587 0.5
-0.4483057 -0.4999245 0.4483057 -0.4999245 4.5502413 7.1899097 0.5
}

DC023b1 {; Tony Hanmer 3/2002, Designed with Brazil:  DC variation  
0.3535534 -0.3535534 0.3535534 0.3535534 -3.5251263 4.9362330 0.1428571
0.4483057 -0.4999245 0.4483057 0.4999245 -0.1740903 2.1897587 0.5
-0.4483057 -0.4999245 0.4483057 -0.4999245 4.5502413 7.1899097 0.5
}

DC023b2 {; Tony Hanmer 3/2002, Designed with Brazil:  DC variation  
0.3535534 0.3535534 -0.3535534 0.3535534 -3.5251263 4.9362330 0.1428571
0.4483057 -0.4999245 0.4483057 0.4999245 -0.1740903 2.1897587 0.5
-0.4483057 -0.4999245 0.4483057 -0.4999245 4.5502413 7.1899097 0.5
}

DC023b3 {; Tony Hanmer 3/2002, Designed with Brazil:  DC variation  
0.3535534 0.3535534 0.3535534 -0.3535534 -3.5251263 4.9362330 0.1428571
0.4483057 -0.4999245 0.4483057 0.4999245 -0.1740903 2.1897587 0.5
-0.4483057 -0.4999245 0.4483057 -0.4999245 4.5502413 7.1899097 0.5
}

DC023b6 {; Tony Hanmer 3/2002, Designed with Brazil:  DC variation  
0.3535534 0.3535534 0.3535534 0.3535534 -3.5251263 4.9362330 -0.1428571
0.4483057 -0.4999245 0.4483057 0.4999245 -0.1740903 2.1897587 0.5
-0.4483057 -0.4999245 0.4483057 -0.4999245 4.5502413 7.1899097 0.5
}

DC023b7 {; Tony Hanmer 3/2002, Designed with Brazil:  DC variation  
-0.3535534 0.3535534 0.3535534 0.3535534 -3.5251263 4.9362330 0.1428571
0.4483057 -0.4999245 0.4483057 0.4999245 -0.1740903 2.1897587 0.5
-0.4483057 -0.4999245 0.4483057 -0.4999245 4.5502413 7.1899097 0.5
}

DC023bz {; Tony Hanmer 3/2002, Designed with Brazil:  DC variation  
0.3535534 0.3535534 0.3535534 -0.3535534 0.5251263 4.9362330 0.1428571
0.4483057 -0.4999245 0.4483057 0.4999245 -0.1740903 2.1897587 0.5
-0.4483057 -0.4999245 0.4483057 -0.4999245 4.5502413 7.1899097 0.5
}

DC023c1 {; Tony Hanmer 3/2002, Designed with Brazil:  DC variation  
-0.3535534 -0.3535534 0.3535534 0.3535534 -3.5251263 4.9362330 0.1428571
0.4483057 -0.4999245 0.4483057 0.4999245 -0.1740903 2.1897587 0.5
-0.4483057 -0.4999245 0.4483057 -0.4999245 4.5502413 7.1899097 0.5
}

DC023c4 {; Tony Hanmer 3/2002, Designed with Brazil:  DC variation  
-0.3535534 0.3535534 0.3535534 0.3535534 3.5251263 4.9362330 0.1428571
0.4483057 -0.4999245 0.4483057 0.4999245 -0.1740903 2.1897587 0.5
-0.4483057 -0.4999245 0.4483057 -0.4999245 4.5502413 7.1899097 0.5
}

DC023c5 {; Tony Hanmer 3/2002, Designed with Brazil:  DC variation  
-0.3535534 0.3535534 0.3535534 0.3535534 -3.5251263 -4.9362330 0.1428571
0.4483057 -0.4999245 0.4483057 0.4999245 -0.1740903 2.1897587 0.5
-0.4483057 -0.4999245 0.4483057 -0.4999245 4.5502413 7.1899097 0.5
}

DC023c8 {; Tony Hanmer 3/2002, Designed with Brazil:  DC variation  
-0.3535534 0.3535534 0.3535534 0.3535534 3.5251263 -4.9362330 0.1428571
0.4483057 -0.4999245 0.4483057 0.4999245 -0.1740903 2.1897587 0.5
-0.4483057 -0.4999245 0.4483057 -0.4999245 4.5502413 7.1899097 0.5
}

DC023c9 {; Tony Hanmer 3/2002, Designed with Brazil:  DC variation  
-0.3535534 0.3535534 0.3535534 0.3535534 -3.5251263 0.9362330 0.1428571
0.4483057 -0.4999245 0.4483057 0.4999245 -0.1740903 2.1897587 0.5
-0.4483057 -0.4999245 0.4483057 -0.4999245 4.5502413 7.1899097 0.5
}

DC023cx {; Tony Hanmer 3/2002, Designed with Brazil:  DC variation  
-0.3535534 0.3535534 0.3535534 0.3535534 -3.5251263 -0.9362330 0.1428571
0.4483057 -0.4999245 0.4483057 0.4999245 -0.1740903 2.1897587 0.5
-0.4483057 -0.4999245 0.4483057 -0.4999245 4.5502413 7.1899097 0.5
}

DC023cy {; Tony Hanmer 3/2002, Designed with Brazil:  DC variation  
-0.3535534 0.3535534 0.3535534 0.3535534 0.5251263 4.9362330 0.1428571
0.4483057 -0.4999245 0.4483057 0.4999245 -0.1740903 2.1897587 0.5
-0.4483057 -0.4999245 0.4483057 -0.4999245 4.5502413 7.1899097 0.5
}

DC0231d {; Tony Hanmer 3/2002, Designed with Brazil:  DC variation  
-0.3535534 -0.3535534 0.3535534 0.3535534 -3.5251263 4.9362330 0.1428571
0.4483057 -0.4999245 0.4483057 0.4999245 -0.1740903 2.1897587 0.5
-0.4483057 -0.4999245 0.4483057 -0.4999245 4.5502413 7.1899097 0.5
}

DC023d2 {; Tony Hanmer 3/2002, Designed with Brazil:  DC variation  
-0.3535534 -0.3535534 -0.3535534 0.3535534 -3.5251263 4.9362330 0.1428571
0.4483057 -0.4999245 0.4483057 0.4999245 -0.1740903 2.1897587 0.5
-0.4483057 -0.4999245 0.4483057 -0.4999245 4.5502413 7.1899097 0.5
}

DC023d3 {; Tony Hanmer 3/2002, Designed with Brazil:  DC variation  
-0.3535534 -0.3535534 0.3535534 -0.3535534 -3.5251263 4.9362330 0.1428571
0.4483057 -0.4999245 0.4483057 0.4999245 -0.1740903 2.1897587 0.5
-0.4483057 -0.4999245 0.4483057 -0.4999245 4.5502413 7.1899097 0.5
}

DC023d5 {; Tony Hanmer 3/2002, Designed with Brazil:  DC variation  
-0.3535534 -0.3535534 0.3535534 0.3535534 -3.5251263 -4.9362330 0.1428571
0.4483057 -0.4999245 0.4483057 0.4999245 -0.1740903 2.1897587 0.5
-0.4483057 -0.4999245 0.4483057 -0.4999245 4.5502413 7.1899097 0.5
}

DC023d8 {; Tony Hanmer 3/2002, Designed with Brazil:  DC variation  
-0.3535534 -0.3535534 0.3535534 0.3535534 3.5251263 -4.9362330 0.1428571
0.4483057 -0.4999245 0.4483057 0.4999245 -0.1740903 2.1897587 0.5
-0.4483057 -0.4999245 0.4483057 -0.4999245 4.5502413 7.1899097 0.5
}

DC023d9 {; Tony Hanmer 3/2002, Designed with Brazil:  DC variation  
-0.3535534 -0.3535534 0.3535534 0.3535534 -3.5251263 0.9362330 0.1428571
0.4483057 -0.4999245 0.4483057 0.4999245 -0.1740903 2.1897587 0.5
-0.4483057 -0.4999245 0.4483057 -0.4999245 4.5502413 7.1899097 0.5
}

DC023dz {; Tony Hanmer 3/2002, Designed with Brazil:  DC variation  
-0.3535534 -0.3535534 0.3535534 -0.3535534 0.5251263 4.9362330 0.1428571
0.4483057 -0.4999245 0.4483057 0.4999245 -0.1740903 2.1897587 0.5
-0.4483057 -0.4999245 0.4483057 -0.4999245 4.5502413 7.1899097 0.5
}

DC0231e {; Tony Hanmer 3/2002, Designed with Brazil:  DC variation  
-0.3535534 0.3535534 -0.3535534 0.3535534 -3.5251263 4.9362330 0.1428571
0.4483057 -0.4999245 0.4483057 0.4999245 -0.1740903 2.1897587 0.5
-0.4483057 -0.4999245 0.4483057 -0.4999245 4.5502413 7.1899097 0.5
}

DC023e1 {; Tony Hanmer 3/2002, Designed with Brazil:  DC variation  
-0.3535534 -0.3535534 -0.3535534 0.3535534 -3.5251263 4.9362330 0.1428571
0.4483057 -0.4999245 0.4483057 0.4999245 -0.1740903 2.1897587 0.5
-0.4483057 -0.4999245 0.4483057 -0.4999245 4.5502413 7.1899097 0.5
}

