_README {     ; Tony Hanmer 4/2002:  IFS details
1 1 1 1 1 1 1 ; Of the 7 ns in each line of the 2D type, 1-4 are the matrix;
1 1 1 1 1 1 1 ; 5 & 6 are vectors (size & position); 7 is probability.
; For the 3D type, of 13 ns, 1-9 = matrix, 10-12 vectors, 13 probability.
; (NB It seems that the probability ns need not add up to 1!...)
; Total number of items in this file:  35.
}

LC001 {; Tony Hanmer 3/2002, Designed with BRAZIL:  Levin's Curve
0.4999245 0.4999245 -0.4999245 0.4999245 -5.2605285 2.5003775 0.5
0.4999245 -0.4999245 0.4999245 0.4999245 5.2596225 2.4994715 0.5
}

LC0001 {; Tony Hanmer 4/2002:  LC simplified, but still LC
0.5 0.5 -0.5 0.5 -5.3 2.5 0.5
0.5 -0.5 0.5 0.5 5.3 2.5 0.5
}

lc001- {; Tony Hanmer 4/2002, Designed with BRAZIL
0.4999245 -0.4999245 0.4999245 0.4999245 0.0636225 2.4994715 0.5
0.4999245 0.4999245 -0.4999245 0.4999245 -0.0645285 2.5003775 0.5
}

LC001b {; Tony Hanmer 3/2002, Designed with BRAZIL:  LC variation
0.3535534 0.3535534 0.3535534 0.3535534 -3.5251263 4.9362330 0.1428571
0.4999245 0.4999245 -0.4999245 0.4999245 -5.2605285 2.5003775 0.5
0.4999245 -0.4999245 0.4999245 0.4999245 5.2596225 2.4994715 0.5
}

LC001b1 {; Tony Hanmer 3/2002, Designed with BRAZIL:  LC variation
0.3535534 -0.3535534 0.3535534 0.3535534 -3.5251263 4.9362330 0.1428571
0.4999245 0.4999245 -0.4999245 0.4999245 -5.2605285 2.5003775 0.5
0.4999245 -0.4999245 0.4999245 0.4999245 5.2596225 2.4994715 0.5
}

LC001b2 {; Tony Hanmer 3/2002, Designed with BRAZIL:  LC variation
0.3535534 0.3535534 -0.3535534 0.3535534 -3.5251263 4.9362330 0.1428571
0.4999245 0.4999245 -0.4999245 0.4999245 -5.2605285 2.5003775 0.5
0.4999245 -0.4999245 0.4999245 0.4999245 5.2596225 2.4994715 0.5
}

LC001b3 {; Tony Hanmer 3/2002, Designed with BRAZIL:  LC variation
0.3535534 0.3535534 0.3535534 -0.3535534 -3.5251263 4.9362330 0.1428571
0.4999245 0.4999245 -0.4999245 0.4999245 -5.2605285 2.5003775 0.5
0.4999245 -0.4999245 0.4999245 0.4999245 5.2596225 2.4994715 0.5
}

LC001b4 {; Tony Hanmer 3/2002, Designed with BRAZIL:  LC variation
0.3535534 0.3535534 0.3535534 0.3535534 3.5251263 4.9362330 0.1428571
0.4999245 0.4999245 -0.4999245 0.4999245 -5.2605285 2.5003775 0.5
0.4999245 -0.4999245 0.4999245 0.4999245 5.2596225 2.4994715 0.5
}

LC001b5 {; Tony Hanmer 3/2002, Designed with BRAZIL:  LC variation
0.3535534 0.3535534 0.3535534 0.3535534 -3.5251263 -4.9362330 0.1428571
0.4999245 0.4999245 -0.4999245 0.4999245 -5.2605285 2.5003775 0.5
0.4999245 -0.4999245 0.4999245 0.4999245 5.2596225 2.4994715 0.5
}

LC001b6 {; Tony Hanmer 3/2002, Designed with BRAZIL:  LC variation
0.3535534 0.3535534 0.3535534 0.3535534 -3.5251263 4.9362330 -0.1428571
0.4999245 0.4999245 -0.4999245 0.4999245 -5.2605285 2.5003775 0.5
0.4999245 -0.4999245 0.4999245 0.4999245 5.2596225 2.4994715 0.5
}

LC001b7 {; Tony Hanmer 3/2002, Designed with BRAZIL:  LC variation
-0.3535534 0.3535534 0.3535534 0.3535534 -3.5251263 4.9362330 0.1428571
0.4999245 0.4999245 -0.4999245 0.4999245 -5.2605285 2.5003775 0.5
0.4999245 -0.4999245 0.4999245 0.4999245 5.2596225 2.4994715 0.5
}

LC001b8 {; Tony Hanmer 3/2002, Designed with BRAZIL:  LC variation
0.3535534 0.3535534 0.3535534 0.3535534 3.5251263 -4.9362330 0.1428571
0.4999245 0.4999245 -0.4999245 0.4999245 -5.2605285 2.5003775 0.5
0.4999245 -0.4999245 0.4999245 0.4999245 5.2596225 2.4994715 0.5
}

LC001b9 {; Tony Hanmer 3/2002, Designed with BRAZIL:  LC variation
0.3535534 0.3535534 0.3535534 0.3535534 -3.5251263 0.9362330 0.1428571
0.4999245 0.4999245 -0.4999245 0.4999245 -5.2605285 2.5003775 0.5
0.4999245 -0.4999245 0.4999245 0.4999245 5.2596225 2.4994715 0.5
}

LC001bx {; Tony Hanmer 3/2002, Designed with BRAZIL:  LC variation
0.3535534 0.3535534 0.3535534 0.3535534 -3.5251263 -0.9362330 0.1428571
0.4999245 0.4999245 -0.4999245 0.4999245 -5.2605285 2.5003775 0.5
0.4999245 -0.4999245 0.4999245 0.4999245 5.2596225 2.4994715 0.5
}

LC001by {; Tony Hanmer 3/2002, Designed with BRAZIL:  LC variation
0.3535534 0.3535534 0.3535534 0.3535534 0.5251263 4.9362330 0.1428571
0.4999245 0.4999245 -0.4999245 0.4999245 -5.2605285 2.5003775 0.5
0.4999245 -0.4999245 0.4999245 0.4999245 5.2596225 2.4994715 0.5
}

LC001bz {; Tony Hanmer 3/2002, Designed with BRAZIL:  LC variation
0.3535534 0.3535534 0.3535534 -0.3535534 0.5251263 4.9362330 0.1428571
0.4999245 0.4999245 -0.4999245 0.4999245 -5.2605285 2.5003775 0.5
0.4999245 -0.4999245 0.4999245 0.4999245 5.2596225 2.4994715 0.5
}

lc45001 {; Tony Hanmer, Designed with BRAZIL
0.4999245 -0.9998490 0.4999245 0.0000000 -0.4363020 1.9995470 0.5000000
0.4999245 0.4999245 -0.4999245 0.4999245 -0.0645285 2.5003775 0.5000000
}

lc45002 {; Tony Hanmer, Designed with BRAZIL
0.0000000 -0.4999245 0.9998490 0.4999245 -2.9359245 5.4990184 0.5000000
0.4999245 0.4999245 -0.4999245 0.4999245 -0.0645285 2.5003775 0.5000000
}

lc45003 {; Tony Hanmer, Designed with BRAZIL
0.9998490 -0.4999245 0.0000000 0.4999245 3.0631694 -0.5000755 0.5000000
0.4999245 0.4999245 -0.4999245 0.4999245 -0.0645285 2.5003775 0.5000000
}

lc45004 {; Tony Hanmer, Designed with BRAZIL
0.4999245 0.0000000 0.4999245 0.9998490 0.5635470 2.9993960 0.5000000
0.4999245 0.4999245 -0.4999245 0.4999245 -0.0645285 2.5003775 0.5000000
}

lc45005 {; Tony Hanmer, Designed with BRAZIL
0.9998490 0.4999245 0.0000000 0.4999245 4.0630184 -0.5000755 0.5000000
0.4999245 0.4999245 -0.4999245 0.4999245 -0.0645285 2.5003775 0.5000000
}

lc45006 {; Tony Hanmer, Designed with BRAZIL
0.0000000 -0.4999245 0.9998490 -0.4999245 -2.9359245 4.4991694 0.5000000
0.4999245 0.4999245 -0.4999245 0.4999245 -0.0645285 2.5003775 0.5000000
}

lc45007 {; Tony Hanmer, Designed with BRAZIL
0.4999245 -0.9998490 0.4999245 0.0000000 -0.4363020 1.9995470 0.5000000
0.4999245 0.0000000 -0.4999245 0.9998490 -0.5644530 3.0003020 0.5000000
}

lc45008 {; Tony Hanmer, Designed with BRAZIL
0.4999245 -0.9998490 0.4999245 0.0000000 -0.4363020 1.9995470 0.5000000
0.9998490 0.4999245 0.0000000 0.4999245 2.9350184 5.4999245 0.5000000
}

lc45009 {; Tony Hanmer, Designed with BRAZIL
0.4999245 -0.9998490 0.4999245 0.0000000 -0.4363020 1.9995470 0.5000000
0.9998490 -0.4999245 0.0000000 0.4999245 1.9351694 5.4999245 0.5000000
}

lc45010 {; Tony Hanmer, Designed with BRAZIL
0.4999245 -0.9998490 0.4999245 0.0000000 -0.4363020 1.9995470 0.5000000
0.4999245 0.9998490 -0.4999245 0.0000000 0.4353960 2.0004530 0.5000000
}

lc45011 {; Tony Hanmer, Designed with BRAZIL
0.4999245 -0.9998490 0.4999245 0.0000000 -0.4363020 1.9995470 0.5000000
0.0000000 0.4999245 -0.9998490 0.4999245 -3.0640755 -0.4991694 0.5000000
}

lc45012 {; Tony Hanmer, Designed with BRAZIL
0.4999245 -0.9998490 0.4999245 0.0000000 -0.4363020 1.9995470 0.5000000
0.0000000 0.4999245 -0.9998490 -0.4999245 -3.0640755 -1.4990184 0.5000000
}

lc45013 {; Tony Hanmer, Designed with BRAZIL
0.0000000 -0.4999245 0.9998490 0.4999245 -2.9359245 5.4990184 0.5000000
0.4999245 0.0000000 -0.4999245 0.9998490 -0.5644530 3.0003020 0.5000000
}

lc45014 {; Tony Hanmer, Designed with BRAZIL
0.0000000 -0.4999245 0.9998490 0.4999245 -2.9359245 5.4990184 0.5000000
0.9998490 0.4999245 0.0000000 0.4999245 2.9350184 5.4999245 0.5000000
}

lc45015 {; Tony Hanmer, Designed with BRAZIL
0.0000000 -0.4999245 0.9998490 0.4999245 -2.9359245 5.4990184 0.5000000
0.9998490 -0.4999245 0.0000000 0.4999245 1.9351694 5.4999245 0.5000000
}

lc45016 {; Tony Hanmer, Designed with BRAZIL
0.0000000 -0.4999245 0.9998490 0.4999245 -2.9359245 5.4990184 0.5000000
0.4999245 0.9998490 -0.4999245 0.0000000 0.4353960 2.0004530 0.5000000
}

lc45017 {; Tony Hanmer, Designed with BRAZIL
0.0000000 -0.4999245 0.9998490 0.4999245 -2.9359245 5.4990184 0.5000000
0.0000000 0.4999245 -0.9998490 0.4999245 -3.0640755 -0.4991694 0.5000000
}

lc45018 {; Tony Hanmer, Designed with BRAZIL
0.0000000 -0.4999245 0.9998490 0.4999245 -2.9359245 5.4990184 0.5000000
0.0000000 0.4999245 -0.9998490 -0.4999245 -3.0640755 -1.4990184 0.5000000
}
