000000b {; Anthony Hanmer, Tbilisi, Republic of Georgia, 18/1/2007,
; Designed with BRAZIL
; The complete file, numbering 38400 items, is named 38400b.ifs; I have
; split it into the set of files named 0001.ifs through 0020.ifs so
; that Fractint can parse them as it can handle only less than 2000
; items in 1 ifs file.
0.0000000 0.5000000 0.5000000 0.0000000 -5.5000000 8.0000000 0.1500242
-0.5000000 -0.5000000 -0.5000000 0.0000000 2.5000000 8.0000000 0.1500242
0.6728164 0.0064108 0.0000000 0.3715724 -1.9566910 -0.6284276 0.1500242
0.4999245 -0.4999245 0.4999245 0.4999245 2.4996225 2.4994715 0.27496375
0.4999245 0.4999245 -0.4999245 0.4999245 -2.5005285 2.5003775 0.27496375
}

000001b {; Anthony Hanmer 18/1/2007, Designed with BRAZIL
0.0000000 0.5000000 0.5000000 0.0000000 -5.5000000 8.0000000 0.1500242
-0.5000000 -0.5000000 -0.5000000 0.0000000 2.5000000 8.0000000 0.1500242
0.5000000 -0.5000000 0.0000000 -0.5000000 2.5000000 4.5000000 0.1500242
0.4999245 -0.4999245 0.4999245 0.4999245 2.4996225 2.4994715 0.27496375
0.4999245 0.4999245 -0.4999245 0.4999245 -2.5005285 2.5003775 0.27496375
}

000002b {; Anthony Hanmer 18/1/2007, Designed with BRAZIL
0.0000000 0.5000000 0.5000000 0.0000000 -5.5000000 8.0000000 0.1500242
-0.5000000 -0.5000000 -0.5000000 0.0000000 2.5000000 8.0000000 0.1500242
0.5000000 0.5000000 0.0000000 -0.5000000 -2.5000000 4.5000000 0.1500242
0.4999245 -0.4999245 0.4999245 0.4999245 2.4996225 2.4994715 0.27496375
0.4999245 0.4999245 -0.4999245 0.4999245 -2.5005285 2.5003775 0.27496375
}

000003b {; Anthony Hanmer 18/1/2007, Designed with BRAZIL
0.0000000 0.5000000 0.5000000 0.0000000 -5.5000000 8.0000000 0.1500242
-0.5000000 -0.5000000 -0.5000000 0.0000000 2.5000000 8.0000000 0.1500242
0.5000000 0.5000000 0.5000000 0.0000000 -2.5000000 2.0000000 0.1500242
0.4999245 -0.4999245 0.4999245 0.4999245 2.4996225 2.4994715 0.27496375
0.4999245 0.4999245 -0.4999245 0.4999245 -2.5005285 2.5003775 0.27496375
}

000004b {; Anthony Hanmer 18/1/2007, Designed with BRAZIL
0.0000000 0.5000000 0.5000000 0.0000000 -5.5000000 8.0000000 0.1500242
-0.5000000 -0.5000000 -0.5000000 0.0000000 2.5000000 8.0000000 0.1500242
0.5000000 0.0000000 0.5000000 -0.5000000 -3.0000000 7.5000000 0.1500242
0.4999245 -0.4999245 0.4999245 0.4999245 2.4996225 2.4994715 0.27496375
0.4999245 0.4999245 -0.4999245 0.4999245 -2.5005285 2.5003775 0.27496375
}

000005b {; Anthony Hanmer 18/1/2007, Designed with BRAZIL
0.0000000 0.5000000 0.5000000 0.0000000 -5.5000000 8.0000000 0.1500242
-0.5000000 -0.5000000 -0.5000000 0.0000000 2.5000000 8.0000000 0.1500242
0.5000000 0.0000000 -0.5000000 -0.5000000 -3.0000000 7.5000000 0.1500242
0.4999245 -0.4999245 0.4999245 0.4999245 2.4996225 2.4994715 0.27496375
0.4999245 0.4999245 -0.4999245 0.4999245 -2.5005285 2.5003775 0.27496375
}

000006b {; Anthony Hanmer 18/1/2007, Designed with BRAZIL
0.0000000 0.5000000 0.5000000 0.0000000 -5.5000000 8.0000000 0.1500242
-0.5000000 -0.5000000 -0.5000000 0.0000000 2.5000000 8.0000000 0.1500242
0.5000000 0.0000000 -0.5000000 -0.5000000 3.0000000 7.5000000 0.1500242
0.4999245 -0.4999245 0.4999245 0.4999245 2.4996225 2.4994715 0.27496375
0.4999245 0.4999245 -0.4999245 0.4999245 -2.5005285 2.5003775 0.27496375
}

000007b {; Anthony Hanmer 18/1/2007, Designed with BRAZIL
0.0000000 0.5000000 0.5000000 0.0000000 -5.5000000 8.0000000 0.1500242
-0.5000000 -0.5000000 -0.5000000 0.0000000 2.5000000 8.0000000 0.1500242
0.5000000 -0.5000000 -0.5000000 0.0000000 2.5000000 8.0000000 0.1500242
0.4999245 -0.4999245 0.4999245 0.4999245 2.4996225 2.4994715 0.27496375
0.4999245 0.4999245 -0.4999245 0.4999245 -2.5005285 2.5003775 0.27496375
}

000008b {; Anthony Hanmer 18/1/2007, Designed with BRAZIL
0.0000000 0.5000000 0.5000000 0.0000000 -5.5000000 8.0000000 0.1500242
-0.5000000 -0.5000000 -0.5000000 0.0000000 2.5000000 8.0000000 0.1500242
0.5000000 -0.5000000 -0.5000000 0.0000000 2.5000000 2.0000000 0.1500242
0.4999245 -0.4999245 0.4999245 0.4999245 2.4996225 2.4994715 0.27496375
0.4999245 0.4999245 -0.4999245 0.4999245 -2.5005285 2.5003775 0.27496375
}

000009b {; Anthony Hanmer 18/1/2007, Designed with BRAZIL
0.0000000 0.5000000 0.5000000 0.0000000 -5.5000000 8.0000000 0.1500242
-0.5000000 -0.5000000 -0.5000000 0.0000000 2.5000000 8.0000000 0.1500242
-0.5000000 -0.5000000 0.0000000 -0.5000000 2.5000000 4.5000000 0.1500242
0.4999245 -0.4999245 0.4999245 0.4999245 2.4996225 2.4994715 0.27496375
0.4999245 0.4999245 -0.4999245 0.4999245 -2.5005285 2.5003775 0.27496375
}

000010b {; Anthony Hanmer 18/1/2007, Designed with BRAZIL
0.0000000 0.5000000 0.5000000 0.0000000 -5.5000000 8.0000000 0.1500242
-0.5000000 -0.5000000 -0.5000000 0.0000000 2.5000000 8.0000000 0.1500242
-0.5000000 -0.5000000 0.0000000 -0.5000000 2.5000000 10.5000000 0.1500242
0.4999245 -0.4999245 0.4999245 0.4999245 2.4996225 2.4994715 0.27496375
0.4999245 0.4999245 -0.4999245 0.4999245 -2.5005285 2.5003775 0.27496375
}

000011b {; Anthony Hanmer 18/1/2007, Designed with BRAZIL
0.0000000 0.5000000 0.5000000 0.0000000 -5.5000000 8.0000000 0.1500242
-0.5000000 -0.5000000 -0.5000000 0.0000000 2.5000000 8.0000000 0.1500242
-0.5000000 0.5000000 0.0000000 0.5000000 -2.5000000 5.5000000 0.1500242
0.4999245 -0.4999245 0.4999245 0.4999245 2.4996225 2.4994715 0.27496375
0.4999245 0.4999245 -0.4999245 0.4999245 -2.5005285 2.5003775 0.27496375
}

000012b {; Anthony Hanmer 18/1/2007, Designed with BRAZIL
0.0000000 0.5000000 0.5000000 0.0000000 -5.5000000 8.0000000 0.1500242
-0.5000000 -0.5000000 -0.5000000 0.0000000 2.5000000 8.0000000 0.1500242
-0.5000000 0.5000000 0.0000000 0.5000000 -2.5000000 -0.5000000 0.1500242
0.4999245 -0.4999245 0.4999245 0.4999245 2.4996225 2.4994715 0.27496375
0.4999245 0.4999245 -0.4999245 0.4999245 -2.5005285 2.5003775 0.27496375
}

000013b {; Anthony Hanmer 18/1/2007, Designed with BRAZIL
0.0000000 0.5000000 0.5000000 0.0000000 -5.5000000 8.0000000 0.1500242
-0.5000000 -0.5000000 -0.5000000 0.0000000 2.5000000 8.0000000 0.1500242
0.5000000 0.5000000 0.0000000 0.5000000 -2.5000000 -0.5000000 0.1500242
0.4999245 -0.4999245 0.4999245 0.4999245 2.4996225 2.4994715 0.27496375
0.4999245 0.4999245 -0.4999245 0.4999245 -2.5005285 2.5003775 0.27496375
}

000014b {; Anthony Hanmer 18/1/2007, Designed with BRAZIL
0.0000000 0.5000000 0.5000000 0.0000000 -5.5000000 8.0000000 0.1500242
-0.5000000 -0.5000000 -0.5000000 0.0000000 2.5000000 8.0000000 0.1500242
0.5000000 0.5000000 0.0000000 0.5000000 -2.5000000 5.5000000 0.1500242
0.4999245 -0.4999245 0.4999245 0.4999245 2.4996225 2.4994715 0.27496375
0.4999245 0.4999245 -0.4999245 0.4999245 -2.5005285 2.5003775 0.27496375
}

000015b {; Anthony Hanmer 18/1/2007, Designed with BRAZIL
0.0000000 0.5000000 0.5000000 0.0000000 -5.5000000 8.0000000 0.1500242
-0.5000000 -0.5000000 -0.5000000 0.0000000 2.5000000 8.0000000 0.1500242
0.0000000 -0.5000000 -0.5000000 0.5000000 -0.5000000 2.5000000 0.1500242
0.4999245 -0.4999245 0.4999245 0.4999245 2.4996225 2.4994715 0.27496375
0.4999245 0.4999245 -0.4999245 0.4999245 -2.5005285 2.5003775 0.27496375
}

000016b {; Anthony Hanmer 18/1/2007, Designed with BRAZIL
0.0000000 0.5000000 0.5000000 0.0000000 -5.5000000 8.0000000 0.1500242
-0.5000000 -0.5000000 -0.5000000 0.0000000 2.5000000 8.0000000 0.1500242
0.0000000 -0.5000000 -0.5000000 0.5000000 5.5000000 2.5000000 0.1500242
0.4999245 -0.4999245 0.4999245 0.4999245 2.4996225 2.4994715 0.27496375
0.4999245 0.4999245 -0.4999245 0.4999245 -2.5005285 2.5003775 0.27496375
}

000017b {; Anthony Hanmer 18/1/2007, Designed with BRAZIL
0.0000000 0.5000000 0.5000000 0.0000000 -5.5000000 8.0000000 0.1500242
-0.5000000 -0.5000000 -0.5000000 0.0000000 2.5000000 8.0000000 0.1500242
0.0000000 -0.5000000 0.5000000 0.5000000 5.5000000 2.5000000 0.1500242
0.4999245 -0.4999245 0.4999245 0.4999245 2.4996225 2.4994715 0.27496375
0.4999245 0.4999245 -0.4999245 0.4999245 -2.5005285 2.5003775 0.27496375
}

000018b {; Anthony Hanmer 18/1/2007, Designed with BRAZIL
0.0000000 0.5000000 0.5000000 0.0000000 -5.5000000 8.0000000 0.1500242
-0.5000000 -0.5000000 -0.5000000 0.0000000 2.5000000 8.0000000 0.1500242
0.0000000 -0.5000000 0.5000000 0.5000000 -0.5000000 2.5000000 0.1500242
0.4999245 -0.4999245 0.4999245 0.4999245 2.4996225 2.4994715 0.27496375
0.4999245 0.4999245 -0.4999245 0.4999245 -2.5005285 2.5003775 0.27496375
}

000019b {; Anthony Hanmer 18/1/2007, Designed with BRAZIL
0.0000000 0.5000000 0.5000000 0.0000000 -5.5000000 8.0000000 0.1500242
-0.5000000 -0.5000000 -0.5000000 0.0000000 2.5000000 8.0000000 0.1500242
0.0000000 0.5000000 0.5000000 -0.5000000 0.5000000 7.5000000 0.1500242
0.4999245 -0.4999245 0.4999245 0.4999245 2.4996225 2.4994715 0.27496375
0.4999245 0.4999245 -0.4999245 0.4999245 -2.5005285 2.5003775 0.27496375
}

000020b {; Anthony Hanmer 18/1/2007, Designed with BRAZIL
0.0000000 0.5000000 0.5000000 0.0000000 -5.5000000 8.0000000 0.1500242
-0.5000000 -0.5000000 -0.5000000 0.0000000 2.5000000 8.0000000 0.1500242
0.0000000 0.5000000 0.5000000 -0.5000000 -5.5000000 7.5000000 0.1500242
0.4999245 -0.4999245 0.4999245 0.4999245 2.4996225 2.4994715 0.27496375
0.4999245 0.4999245 -0.4999245 0.4999245 -2.5005285 2.5003775 0.27496375
}

000021b {; Anthony Hanmer 18/1/2007, Designed with BRAZIL
0.0000000 0.5000000 0.5000000 0.0000000 -5.5000000 8.0000000 0.1500242
-0.5000000 -0.5000000 -0.5000000 0.0000000 2.5000000 8.0000000 0.1500242
0.0000000 0.5000000 -0.5000000 -0.5000000 -5.5000000 7.5000000 0.1500242
0.4999245 -0.4999245 0.4999245 0.4999245 2.4996225 2.4994715 0.27496375
0.4999245 0.4999245 -0.4999245 0.4999245 -2.5005285 2.5003775 0.27496375
}

000022b {; Anthony Hanmer 18/1/2007, Designed with BRAZIL
0.0000000 0.5000000 0.5000000 0.0000000 -5.5000000 8.0000000 0.1500242
-0.5000000 -0.5000000 -0.5000000 0.0000000 2.5000000 8.0000000 0.1500242
0.0000000 0.5000000 -0.5000000 -0.5000000 0.5000000 7.5000000 0.1500242
0.4999245 -0.4999245 0.4999245 0.4999245 2.4996225 2.4994715 0.27496375
0.4999245 0.4999245 -0.4999245 0.4999245 -2.5005285 2.5003775 0.27496375
}

000023b {; Anthony Hanmer 18/1/2007, Designed with BRAZIL
0.0000000 0.5000000 0.5000000 0.0000000 -5.5000000 8.0000000 0.1500242
-0.5000000 -0.5000000 -0.5000000 0.0000000 2.5000000 8.0000000 0.1500242
-0.5000000 0.5000000 0.0000000 0.5000000 -2.5000000 5.5000000 0.1500242
0.4999245 -0.4999245 0.4999245 0.4999245 2.4996225 2.4994715 0.27496375
0.4999245 0.4999245 -0.4999245 0.4999245 -2.5005285 2.5003775 0.27496375
}

000024b {; Anthony Hanmer 18/1/2007, Designed with BRAZIL
0.0000000 0.5000000 0.5000000 0.0000000 -5.5000000 8.0000000 0.1500242
-0.5000000 -0.5000000 -0.5000000 0.0000000 2.5000000 8.0000000 0.1500242
-0.5000000 -0.5000000 0.5000000 0.0000000 2.5000000 8.0000000 0.1500242
0.4999245 -0.4999245 0.4999245 0.4999245 2.4996225 2.4994715 0.27496375
0.4999245 0.4999245 -0.4999245 0.4999245 -2.5005285 2.5003775 0.27496375
}

000025b {; Anthony Hanmer 18/1/2007, Designed with BRAZIL
0.0000000 0.5000000 0.5000000 0.0000000 -5.5000000 8.0000000 0.1500242
-0.5000000 -0.5000000 -0.5000000 0.0000000 2.5000000 8.0000000 0.1500242
-0.5000000 -0.5000000 0.5000000 0.0000000 2.5000000 2.0000000 0.1500242
0.4999245 -0.4999245 0.4999245 0.4999245 2.4996225 2.4994715 0.27496375
0.4999245 0.4999245 -0.4999245 0.4999245 -2.5005285 2.5003775 0.27496375
}

000026b {; Anthony Hanmer 18/1/2007, Designed with BRAZIL
0.0000000 0.5000000 0.5000000 0.0000000 -5.5000000 8.0000000 0.1500242
-0.5000000 -0.5000000 -0.5000000 0.0000000 2.5000000 8.0000000 0.1500242
-0.6728164 0.0064108 0.0000000 0.3715724 -1.9304874 -0.6284276 0.1500242
0.4999245 -0.4999245 0.4999245 0.4999245 2.4996225 2.4994715 0.27496375
0.4999245 0.4999245 -0.4999245 0.4999245 -2.5005285 2.5003775 0.27496375
}

000027b {; Anthony Hanmer 18/1/2007, Designed with BRAZIL
0.0000000 0.5000000 0.5000000 0.0000000 -5.5000000 8.0000000 0.1500242
-0.5000000 -0.5000000 -0.5000000 0.0000000 2.5000000 8.0000000 0.1500242
0.5000000 -0.5000000 -0.5000000 0.0000000 2.5000000 8.0000000 0.1500242
0.4999245 -0.4999245 0.4999245 0.4999245 2.4996225 2.4994715 0.27496375
0.4999245 0.4999245 -0.4999245 0.4999245 -2.5005285 2.5003775 0.27496375
}

000028b {; Anthony Hanmer 18/1/2007, Designed with BRAZIL
0.0000000 0.5000000 0.5000000 0.0000000 -5.5000000 8.0000000 0.1500242
-0.5000000 -0.5000000 -0.5000000 0.0000000 2.5000000 8.0000000 0.1500242
0.5000000 0.5000000 -0.5000000 0.0000000 -2.5000000 8.0000000 0.1500242
0.4999245 -0.4999245 0.4999245 0.4999245 2.4996225 2.4994715 0.27496375
0.4999245 0.4999245 -0.4999245 0.4999245 -2.5005285 2.5003775 0.27496375
}

000029b {; Anthony Hanmer 18/1/2007, Designed with BRAZIL
0.0000000 0.5000000 0.5000000 0.0000000 -5.5000000 8.0000000 0.1500242
-0.5000000 -0.5000000 -0.5000000 0.0000000 2.5000000 8.0000000 0.1500242
0.5000000 0.5000000 -0.5000000 0.0000000 -2.5000000 2.0000000 0.1500242
0.4999245 -0.4999245 0.4999245 0.4999245 2.4996225 2.4994715 0.27496375
0.4999245 0.4999245 -0.4999245 0.4999245 -2.5005285 2.5003775 0.27496375
}

000030b {; Anthony Hanmer 18/1/2007, Designed with BRAZIL
0.0000000 0.5000000 0.5000000 0.0000000 -5.5000000 8.0000000 0.1500242
-0.5000000 -0.5000000 -0.5000000 0.0000000 2.5000000 8.0000000 0.1500242
-0.5000000 0.5000000 0.5000000 0.0000000 -2.5000000 8.0000000 0.1500242
0.4999245 -0.4999245 0.4999245 0.4999245 2.4996225 2.4994715 0.27496375
0.4999245 0.4999245 -0.4999245 0.4999245 -2.5005285 2.5003775 0.27496375
}

000031b {; Anthony Hanmer 18/1/2007, Designed with BRAZIL
0.0000000 0.5000000 0.5000000 0.0000000 -5.5000000 8.0000000 0.1500242
-0.5000000 -0.5000000 -0.5000000 0.0000000 2.5000000 8.0000000 0.1500242
-0.5000000 0.5000000 0.5000000 0.0000000 -2.5000000 2.0000000 0.1500242
0.4999245 -0.4999245 0.4999245 0.4999245 2.4996225 2.4994715 0.27496375
0.4999245 0.4999245 -0.4999245 0.4999245 -2.5005285 2.5003775 0.27496375
}

000032b {; Anthony Hanmer 18/1/2007, Designed with BRAZIL
0.0000000 0.5000000 0.5000000 0.0000000 -5.5000000 8.0000000 0.1500242
-0.5000000 -0.5000000 -0.5000000 0.0000000 2.5000000 8.0000000 0.1500242
-0.5000000 0.0000000 -0.5000000 -0.5000000 3.0000000 7.5000000 0.1500242
0.4999245 -0.4999245 0.4999245 0.4999245 2.4996225 2.4994715 0.27496375
0.4999245 0.4999245 -0.4999245 0.4999245 -2.5005285 2.5003775 0.27496375
}

000033b {; Anthony Hanmer 18/1/2007, Designed with BRAZIL
0.0000000 0.5000000 0.5000000 0.0000000 -5.5000000 8.0000000 0.1500242
-0.5000000 -0.5000000 -0.5000000 0.0000000 2.5000000 8.0000000 0.1500242
-0.5000000 0.0000000 -0.5000000 -0.5000000 -3.0000000 7.5000000 0.1500242
0.4999245 -0.4999245 0.4999245 0.4999245 2.4996225 2.4994715 0.27496375
0.4999245 0.4999245 -0.4999245 0.4999245 -2.5005285 2.5003775 0.27496375
}

000034b {; Anthony Hanmer 18/1/2007, Designed with BRAZIL
0.0000000 0.5000000 0.5000000 0.0000000 -5.5000000 8.0000000 0.1500242
-0.5000000 -0.5000000 -0.5000000 0.0000000 2.5000000 8.0000000 0.1500242
0.5000000 0.0000000 0.5000000 -0.5000000 3.0000000 7.5000000 0.1500242
0.4999245 -0.4999245 0.4999245 0.4999245 2.4996225 2.4994715 0.27496375
0.4999245 0.4999245 -0.4999245 0.4999245 -2.5005285 2.5003775 0.27496375
}

000035b {; Anthony Hanmer 18/1/2007, Designed with BRAZIL
0.0000000 0.5000000 0.5000000 0.0000000 -5.5000000 8.0000000 0.1500242
-0.5000000 -0.5000000 -0.5000000 0.0000000 2.5000000 8.0000000 0.1500242
0.5000000 0.0000000 0.5000000 -0.5000000 -3.0000000 7.5000000 0.1500242
0.4999245 -0.4999245 0.4999245 0.4999245 2.4996225 2.4994715 0.27496375
0.4999245 0.4999245 -0.4999245 0.4999245 -2.5005285 2.5003775 0.27496375
}

000036b {; Anthony Hanmer 18/1/2007, Designed with BRAZIL
0.0000000 0.5000000 0.5000000 0.0000000 -5.5000000 8.0000000 0.1500242
-0.5000000 -0.5000000 -0.5000000 0.0000000 2.5000000 8.0000000 0.1500242
0.5000000 0.0000000 0.5000000 0.5000000 -3.0000000 2.5000000 0.1500242
0.4999245 -0.4999245 0.4999245 0.4999245 2.4996225 2.4994715 0.27496375
0.4999245 0.4999245 -0.4999245 0.4999245 -2.5005285 2.5003775 0.27496375
}

000037b {; Anthony Hanmer 18/1/2007, Designed with BRAZIL
0.0000000 0.5000000 0.5000000 0.0000000 -5.5000000 8.0000000 0.1500242
-0.5000000 -0.5000000 -0.5000000 0.0000000 2.5000000 8.0000000 0.1500242
0.5000000 0.0000000 0.5000000 0.5000000 3.0000000 2.5000000 0.1500242
0.4999245 -0.4999245 0.4999245 0.4999245 2.4996225 2.4994715 0.27496375
0.4999245 0.4999245 -0.4999245 0.4999245 -2.5005285 2.5003775 0.27496375
}

000038b {; Anthony Hanmer 18/1/2007, Designed with BRAZIL
0.0000000 0.5000000 0.5000000 0.0000000 -5.5000000 8.0000000 0.1500242
-0.5000000 -0.5000000 -0.5000000 0.0000000 2.5000000 8.0000000 0.1500242
-0.5000000 0.0000000 -0.5000000 0.5000000 -3.0000000 2.5000000 0.1500242
0.4999245 -0.4999245 0.4999245 0.4999245 2.4996225 2.4994715 0.27496375
0.4999245 0.4999245 -0.4999245 0.4999245 -2.5005285 2.5003775 0.27496375
}

000039b {; Anthony Hanmer 18/1/2007, Designed with BRAZIL
0.0000000 0.5000000 0.5000000 0.0000000 -5.5000000 8.0000000 0.1500242
-0.5000000 -0.5000000 -0.5000000 0.0000000 2.5000000 8.0000000 0.1500242
-0.5000000 0.0000000 -0.5000000 0.5000000 3.0000000 2.5000000 0.1500242
0.4999245 -0.4999245 0.4999245 0.4999245 2.4996225 2.4994715 0.27496375
0.4999245 0.4999245 -0.4999245 0.4999245 -2.5005285 2.5003775 0.27496375
}

000040b {; Anthony Hanmer 18/1/2007, Designed with BRAZIL
0.0000000 0.5000000 0.5000000 0.0000000 -5.5000000 8.0000000 0.1500242
-0.5000000 -0.5000000 -0.5000000 0.0000000 2.5000000 8.0000000 0.1500242
0.0000000 0.3715724 -0.6728164 0.0082518 -5.6284276 3.0353536 0.1500242
0.4999245 -0.4999245 0.4999245 0.4999245 2.4996225 2.4994715 0.27496375
0.4999245 0.4999245 -0.4999245 0.4999245 -2.5005285 2.5003775 0.27496375
}

000041b {; Anthony Hanmer 18/1/2007, Designed with BRAZIL
0.0000000 0.5000000 0.5000000 0.0000000 -5.5000000 8.0000000 0.1500242
-0.5000000 -0.5000000 -0.5000000 0.0000000 2.5000000 8.0000000 0.1500242
-0.5000000 0.0000000 0.5000000 -0.5000000 -3.0000000 7.5000000 0.1500242
0.4999245 -0.4999245 0.4999245 0.4999245 2.4996225 2.4994715 0.27496375
0.4999245 0.4999245 -0.4999245 0.4999245 -2.5005285 2.5003775 0.27496375
}

000042b {; Anthony Hanmer 18/1/2007, Designed with BRAZIL
0.0000000 0.5000000 0.5000000 0.0000000 -5.5000000 8.0000000 0.1500242
-0.5000000 -0.5000000 -0.5000000 0.0000000 2.5000000 8.0000000 0.1500242
-0.5000000 0.0000000 0.5000000 -0.5000000 3.0000000 7.5000000 0.1500242
0.4999245 -0.4999245 0.4999245 0.4999245 2.4996225 2.4994715 0.27496375
0.4999245 0.4999245 -0.4999245 0.4999245 -2.5005285 2.5003775 0.27496375
}

000043b {; Anthony Hanmer 18/1/2007, Designed with BRAZIL
0.0000000 0.5000000 0.5000000 0.0000000 -5.5000000 8.0000000 0.1500242
-0.5000000 -0.5000000 -0.5000000 0.0000000 2.5000000 8.0000000 0.1500242
0.5000000 0.0000000 -0.5000000 -0.5000000 3.0000000 7.5000000 0.1500242
0.4999245 -0.4999245 0.4999245 0.4999245 2.4996225 2.4994715 0.27496375
0.4999245 0.4999245 -0.4999245 0.4999245 -2.5005285 2.5003775 0.27496375
}

000044b {; Anthony Hanmer 18/1/2007, Designed with BRAZIL
0.0000000 0.5000000 0.5000000 0.0000000 -5.5000000 8.0000000 0.1500242
-0.5000000 -0.5000000 -0.5000000 0.0000000 2.5000000 8.0000000 0.1500242
0.5000000 0.0000000 -0.5000000 0.5000000 -3.0000000 2.5000000 0.1500242
0.4999245 -0.4999245 0.4999245 0.4999245 2.4996225 2.4994715 0.27496375
0.4999245 0.4999245 -0.4999245 0.4999245 -2.5005285 2.5003775 0.27496375
}

000045b {; Anthony Hanmer 18/1/2007, Designed with BRAZIL
0.0000000 0.5000000 0.5000000 0.0000000 -5.5000000 8.0000000 0.1500242
-0.5000000 -0.5000000 -0.5000000 0.0000000 2.5000000 8.0000000 0.1500242
0.5000000 0.0000000 -0.5000000 0.5000000 3.0000000 2.5000000 0.1500242
0.4999245 -0.4999245 0.4999245 0.4999245 2.4996225 2.4994715 0.27496375
0.4999245 0.4999245 -0.4999245 0.4999245 -2.5005285 2.5003775 0.27496375
}

000046b {; Anthony Hanmer 18/1/2007, Designed with BRAZIL
0.0000000 0.5000000 0.5000000 0.0000000 -5.5000000 8.0000000 0.1500242
-0.5000000 -0.5000000 -0.5000000 0.0000000 2.5000000 8.0000000 0.1500242
-0.5000000 0.0000000 0.5000000 0.5000000 -3.0000000 2.5000000 0.1500242
0.4999245 -0.4999245 0.4999245 0.4999245 2.4996225 2.4994715 0.27496375
0.4999245 0.4999245 -0.4999245 0.4999245 -2.5005285 2.5003775 0.27496375
}

000047b {; Anthony Hanmer 18/1/2007, Designed with BRAZIL
0.0000000 0.5000000 0.5000000 0.0000000 -5.5000000 8.0000000 0.1500242
-0.5000000 -0.5000000 -0.5000000 0.0000000 2.5000000 8.0000000 0.1500242
-0.5000000 0.0000000 0.5000000 0.5000000 3.0000000 2.5000000 0.1500242
0.4999245 -0.4999245 0.4999245 0.4999245 2.4996225 2.4994715 0.27496375
0.4999245 0.4999245 -0.4999245 0.4999245 -2.5005285 2.5003775 0.27496375
}

000048b {; Anthony Hanmer 18/1/2007, Designed with BRAZIL
0.0000000 0.5000000 0.5000000 0.0000000 -5.5000000 8.0000000 0.1500242
-0.5000000 -0.5000000 -0.5000000 0.0000000 2.5000000 8.0000000 0.1500242
-0.5000000 -0.5000000 -0.5000000 0.0000000 2.5000000 2.0000000 0.1500242
0.4999245 -0.4999245 0.4999245 0.4999245 2.4996225 2.4994715 0.27496375
0.4999245 0.4999245 -0.4999245 0.4999245 -2.5005285 2.5003775 0.27496375
}

000049b {; Anthony Hanmer 18/1/2007, Designed with BRAZIL
0.0000000 0.5000000 0.5000000 0.0000000 -5.5000000 8.0000000 0.1500242
-0.5000000 -0.5000000 -0.5000000 0.0000000 2.5000000 8.0000000 0.1500242
-0.5000000 -0.5000000 -0.5000000 0.0000000 2.5000000 8.0000000 0.1500242
0.4999245 -0.4999245 0.4999245 0.4999245 2.4996225 2.4994715 0.27496375
0.4999245 0.4999245 -0.4999245 0.4999245 -2.5005285 2.5003775 0.27496375
}

000050b {; Anthony Hanmer 18/1/2007, Designed with BRAZIL
0.0000000 0.5000000 0.5000000 0.0000000 -5.5000000 8.0000000 0.1500242
-0.5000000 -0.5000000 -0.5000000 0.0000000 2.5000000 8.0000000 0.1500242
0.5000000 0.5000000 0.5000000 0.0000000 -2.5000000 8.0000000 0.1500242
0.4999245 -0.4999245 0.4999245 0.4999245 2.4996225 2.4994715 0.27496375
0.4999245 0.4999245 -0.4999245 0.4999245 -2.5005285 2.5003775 0.27496375
}

000051b {; Anthony Hanmer 18/1/2007, Designed with BRAZIL
0.0000000 0.5000000 0.5000000 0.0000000 -5.5000000 8.0000000 0.1500242
-0.5000000 -0.5000000 -0.5000000 0.0000000 2.5000000 8.0000000 0.1500242
0.5000000 -0.5000000 0.5000000 0.0000000 2.5000000 2.0000000 0.1500242
0.4999245 -0.4999245 0.4999245 0.4999245 2.4996225 2.4994715 0.27496375
0.4999245 0.4999245 -0.4999245 0.4999245 -2.5005285 2.5003775 0.27496375
}

000052b {; Anthony Hanmer 18/1/2007, Designed with BRAZIL
0.0000000 0.5000000 0.5000000 0.0000000 -5.5000000 8.0000000 0.1500242
-0.5000000 -0.5000000 -0.5000000 0.0000000 2.5000000 8.0000000 0.1500242
-0.5000000 0.0000000 0.0000000 -0.5000000 -3.0000000 4.5000000 0.1500242
0.4999245 -0.4999245 0.4999245 0.4999245 2.4996225 2.4994715 0.27496375
0.4999245 0.4999245 -0.4999245 0.4999245 -2.5005285 2.5003775 0.27496375
}

000053b {; Anthony Hanmer 18/1/2007, Designed with BRAZIL
0.0000000 0.5000000 0.5000000 0.0000000 -5.5000000 8.0000000 0.1500242
-0.5000000 -0.5000000 -0.5000000 0.0000000 2.5000000 8.0000000 0.1500242
-0.5000000 0.0000000 0.0000000 -0.5000000 3.0000000 4.5000000 0.1500242
0.4999245 -0.4999245 0.4999245 0.4999245 2.4996225 2.4994715 0.27496375
0.4999245 0.4999245 -0.4999245 0.4999245 -2.5005285 2.5003775 0.27496375
}

000054b {; Anthony Hanmer 18/1/2007, Designed with BRAZIL
0.0000000 0.5000000 0.5000000 0.0000000 -5.5000000 8.0000000 0.1500242
-0.5000000 -0.5000000 -0.5000000 0.0000000 2.5000000 8.0000000 0.1500242
-0.5000000 0.0000000 0.0000000 -0.5000000 3.0000000 10.5000000 0.1500242
0.4999245 -0.4999245 0.4999245 0.4999245 2.4996225 2.4994715 0.27496375
0.4999245 0.4999245 -0.4999245 0.4999245 -2.5005285 2.5003775 0.27496375
}

000055b {; Anthony Hanmer 18/1/2007, Designed with BRAZIL
0.0000000 0.5000000 0.5000000 0.0000000 -5.5000000 8.0000000 0.1500242
-0.5000000 -0.5000000 -0.5000000 0.0000000 2.5000000 8.0000000 0.1500242
-0.5000000 0.0000000 0.0000000 -0.5000000 -3.0000000 10.5000000 0.1500242
0.4999245 -0.4999245 0.4999245 0.4999245 2.4996225 2.4994715 0.27496375
0.4999245 0.4999245 -0.4999245 0.4999245 -2.5005285 2.5003775 0.27496375
}

000056b {; Anthony Hanmer 18/1/2007, Designed with BRAZIL
0.0000000 0.5000000 0.5000000 0.0000000 -5.5000000 8.0000000 0.1500242
-0.5000000 -0.5000000 -0.5000000 0.0000000 2.5000000 8.0000000 0.1500242
0.5000000 0.0000000 0.0000000 -0.5000000 3.0000000 10.5000000 0.1500242
0.4999245 -0.4999245 0.4999245 0.4999245 2.4996225 2.4994715 0.27496375
0.4999245 0.4999245 -0.4999245 0.4999245 -2.5005285 2.5003775 0.27496375
}

000057b {; Anthony Hanmer 18/1/2007, Designed with BRAZIL
0.0000000 0.5000000 0.5000000 0.0000000 -5.5000000 8.0000000 0.1500242
-0.5000000 -0.5000000 -0.5000000 0.0000000 2.5000000 8.0000000 0.1500242
0.5000000 0.0000000 0.0000000 -0.5000000 3.0000000 4.5000000 0.1500242
0.4999245 -0.4999245 0.4999245 0.4999245 2.4996225 2.4994715 0.27496375
0.4999245 0.4999245 -0.4999245 0.4999245 -2.5005285 2.5003775 0.27496375
}

000058b {; Anthony Hanmer 18/1/2007, Designed with BRAZIL
0.0000000 0.5000000 0.5000000 0.0000000 -5.5000000 8.0000000 0.1500242
-0.5000000 -0.5000000 -0.5000000 0.0000000 2.5000000 8.0000000 0.1500242
0.5000000 0.0000000 0.0000000 -0.5000000 -3.0000000 4.5000000 0.1500242
0.4999245 -0.4999245 0.4999245 0.4999245 2.4996225 2.4994715 0.27496375
0.4999245 0.4999245 -0.4999245 0.4999245 -2.5005285 2.5003775 0.27496375
}

000059b {; Anthony Hanmer 18/1/2007, Designed with BRAZIL
0.0000000 0.5000000 0.5000000 0.0000000 -5.5000000 8.0000000 0.1500242
-0.5000000 -0.5000000 -0.5000000 0.0000000 2.5000000 8.0000000 0.1500242
0.5000000 0.0000000 0.0000000 -0.5000000 -3.0000000 10.5000000 0.1500242
0.4999245 -0.4999245 0.4999245 0.4999245 2.4996225 2.4994715 0.27496375
0.4999245 0.4999245 -0.4999245 0.4999245 -2.5005285 2.5003775 0.27496375
}

000060b {; Anthony Hanmer 18/1/2007, Designed with BRAZIL
0.0000000 0.5000000 0.5000000 0.0000000 -5.5000000 8.0000000 0.1500242
-0.5000000 -0.5000000 -0.5000000 0.0000000 2.5000000 8.0000000 0.1500242
-0.5000000 0.0000000 0.0000000 0.5000000 -3.0000000 5.5000000 0.1500242
0.4999245 -0.4999245 0.4999245 0.4999245 2.4996225 2.4994715 0.27496375
0.4999245 0.4999245 -0.4999245 0.4999245 -2.5005285 2.5003775 0.27496375
}

000061b {; Anthony Hanmer 18/1/2007, Designed with BRAZIL
0.0000000 0.5000000 0.5000000 0.0000000 -5.5000000 8.0000000 0.1500242
-0.5000000 -0.5000000 -0.5000000 0.0000000 2.5000000 8.0000000 0.1500242
-0.5000000 0.0000000 0.0000000 0.5000000 3.0000000 5.5000000 0.1500242
0.4999245 -0.4999245 0.4999245 0.4999245 2.4996225 2.4994715 0.27496375
0.4999245 0.4999245 -0.4999245 0.4999245 -2.5005285 2.5003775 0.27496375
}

000062b {; Anthony Hanmer 18/1/2007, Designed with BRAZIL
0.0000000 0.5000000 0.5000000 0.0000000 -5.5000000 8.0000000 0.1500242
-0.5000000 -0.5000000 -0.5000000 0.0000000 2.5000000 8.0000000 0.1500242
-0.5000000 0.0000000 0.0000000 0.5000000 3.0000000 -0.5000000 0.1500242
0.4999245 -0.4999245 0.4999245 0.4999245 2.4996225 2.4994715 0.27496375
0.4999245 0.4999245 -0.4999245 0.4999245 -2.5005285 2.5003775 0.27496375
}

000063b {; Anthony Hanmer 18/1/2007, Designed with BRAZIL
0.0000000 0.5000000 0.5000000 0.0000000 -5.5000000 8.0000000 0.1500242
-0.5000000 -0.5000000 -0.5000000 0.0000000 2.5000000 8.0000000 0.1500242
-0.5000000 0.0000000 0.0000000 0.5000000 -3.0000000 -0.5000000 0.1500242
0.4999245 -0.4999245 0.4999245 0.4999245 2.4996225 2.4994715 0.27496375
0.4999245 0.4999245 -0.4999245 0.4999245 -2.5005285 2.5003775 0.27496375
}

000064b {; Anthony Hanmer 18/1/2007, Designed with BRAZIL
0.0000000 0.5000000 0.5000000 0.0000000 -5.5000000 8.0000000 0.1500242
-0.5000000 -0.5000000 -0.5000000 0.0000000 2.5000000 8.0000000 0.1500242
0.5000000 0.0000000 0.0000000 0.5000000 3.0000000 -0.5000000 0.1500242
0.4999245 -0.4999245 0.4999245 0.4999245 2.4996225 2.4994715 0.27496375
0.4999245 0.4999245 -0.4999245 0.4999245 -2.5005285 2.5003775 0.27496375
}

000065b {; Anthony Hanmer 18/1/2007, Designed with BRAZIL
0.0000000 0.5000000 0.5000000 0.0000000 -5.5000000 8.0000000 0.1500242
-0.5000000 -0.5000000 -0.5000000 0.0000000 2.5000000 8.0000000 0.1500242
0.5000000 0.0000000 0.0000000 0.5000000 3.0000000 5.5000000 0.1500242
0.4999245 -0.4999245 0.4999245 0.4999245 2.4996225 2.4994715 0.27496375
0.4999245 0.4999245 -0.4999245 0.4999245 -2.5005285 2.5003775 0.27496375
}

000066b {; Anthony Hanmer 18/1/2007, Designed with BRAZIL
0.0000000 0.5000000 0.5000000 0.0000000 -5.5000000 8.0000000 0.1500242
-0.5000000 -0.5000000 -0.5000000 0.0000000 2.5000000 8.0000000 0.1500242
0.5000000 0.0000000 0.0000000 0.5000000 -3.0000000 5.5000000 0.1500242
0.4999245 -0.4999245 0.4999245 0.4999245 2.4996225 2.4994715 0.27496375
0.4999245 0.4999245 -0.4999245 0.4999245 -2.5005285 2.5003775 0.27496375
}

000067b {; Anthony Hanmer 18/1/2007, Designed with BRAZIL
0.0000000 0.5000000 0.5000000 0.0000000 -5.5000000 8.0000000 0.1500242
-0.5000000 -0.5000000 -0.5000000 0.0000000 2.5000000 8.0000000 0.1500242
0.5000000 0.0000000 0.0000000 0.5000000 -3.0000000 -0.5000000 0.1500242
0.4999245 -0.4999245 0.4999245 0.4999245 2.4996225 2.4994715 0.27496375
0.4999245 0.4999245 -0.4999245 0.4999245 -2.5005285 2.5003775 0.27496375
}

000068b {; Anthony Hanmer 18/1/2007, Designed with BRAZIL
0.0000000 0.5000000 0.5000000 0.0000000 -5.5000000 8.0000000 0.1500242
-0.5000000 -0.5000000 -0.5000000 0.0000000 2.5000000 8.0000000 0.1500242
0.0000000 0.5000000 -0.5000000 0.0000000 -5.5000000 2.0000000 0.1500242
0.4999245 -0.4999245 0.4999245 0.4999245 2.4996225 2.4994715 0.27496375
0.4999245 0.4999245 -0.4999245 0.4999245 -2.5005285 2.5003775 0.27496375
}

000069b {; Anthony Hanmer 18/1/2007, Designed with BRAZIL
0.0000000 0.5000000 0.5000000 0.0000000 -5.5000000 8.0000000 0.1500242
-0.5000000 -0.5000000 -0.5000000 0.0000000 2.5000000 8.0000000 0.1500242
0.0000000 0.5000000 -0.5000000 0.0000000 0.5000000 2.0000000 0.1500242
0.4999245 -0.4999245 0.4999245 0.4999245 2.4996225 2.4994715 0.27496375
0.4999245 0.4999245 -0.4999245 0.4999245 -2.5005285 2.5003775 0.27496375
}

000070b {; Anthony Hanmer 18/1/2007, Designed with BRAZIL
0.0000000 0.5000000 0.5000000 0.0000000 -5.5000000 8.0000000 0.1500242
-0.5000000 -0.5000000 -0.5000000 0.0000000 2.5000000 8.0000000 0.1500242
0.0000000 0.5000000 -0.5000000 0.0000000 0.5000000 8.0000000 0.1500242
0.4999245 -0.4999245 0.4999245 0.4999245 2.4996225 2.4994715 0.27496375
0.4999245 0.4999245 -0.4999245 0.4999245 -2.5005285 2.5003775 0.27496375
}

000071b {; Anthony Hanmer 18/1/2007, Designed with BRAZIL
0.0000000 0.5000000 0.5000000 0.0000000 -5.5000000 8.0000000 0.1500242
-0.5000000 -0.5000000 -0.5000000 0.0000000 2.5000000 8.0000000 0.1500242
0.0000000 0.5000000 -0.5000000 0.0000000 -5.5000000 8.0000000 0.1500242
0.4999245 -0.4999245 0.4999245 0.4999245 2.4996225 2.4994715 0.27496375
0.4999245 0.4999245 -0.4999245 0.4999245 -2.5005285 2.5003775 0.27496375
}

000072b {; Anthony Hanmer 18/1/2007, Designed with BRAZIL
0.0000000 0.5000000 0.5000000 0.0000000 -5.5000000 8.0000000 0.1500242
-0.5000000 -0.5000000 -0.5000000 0.0000000 2.5000000 8.0000000 0.1500242
0.0000000 0.5000000 0.5000000 0.0000000 -5.5000000 8.0000000 0.1500242
0.4999245 -0.4999245 0.4999245 0.4999245 2.4996225 2.4994715 0.27496375
0.4999245 0.4999245 -0.4999245 0.4999245 -2.5005285 2.5003775 0.27496375
}

000073b {; Anthony Hanmer 18/1/2007, Designed with BRAZIL
0.0000000 0.5000000 0.5000000 0.0000000 -5.5000000 8.0000000 0.1500242
-0.5000000 -0.5000000 -0.5000000 0.0000000 2.5000000 8.0000000 0.1500242
0.0000000 0.5000000 0.5000000 0.0000000 0.5000000 8.0000000 0.1500242
0.4999245 -0.4999245 0.4999245 0.4999245 2.4996225 2.4994715 0.27496375
0.4999245 0.4999245 -0.4999245 0.4999245 -2.5005285 2.5003775 0.27496375
}

000074b {; Anthony Hanmer 18/1/2007, Designed with BRAZIL
0.0000000 0.5000000 0.5000000 0.0000000 -5.5000000 8.0000000 0.1500242
-0.5000000 -0.5000000 -0.5000000 0.0000000 2.5000000 8.0000000 0.1500242
0.0000000 0.5000000 0.5000000 0.0000000 0.5000000 2.0000000 0.1500242
0.4999245 -0.4999245 0.4999245 0.4999245 2.4996225 2.4994715 0.27496375
0.4999245 0.4999245 -0.4999245 0.4999245 -2.5005285 2.5003775 0.27496375
}

000075b {; Anthony Hanmer 18/1/2007, Designed with BRAZIL
0.0000000 0.5000000 0.5000000 0.0000000 -5.5000000 8.0000000 0.1500242
-0.5000000 -0.5000000 -0.5000000 0.0000000 2.5000000 8.0000000 0.1500242
0.0000000 0.5000000 0.5000000 0.0000000 -5.5000000 2.0000000 0.1500242
0.4999245 -0.4999245 0.4999245 0.4999245 2.4996225 2.4994715 0.27496375
0.4999245 0.4999245 -0.4999245 0.4999245 -2.5005285 2.5003775 0.27496375
}

000076b {; Anthony Hanmer 18/1/2007, Designed with BRAZIL
0.0000000 0.5000000 0.5000000 0.0000000 -5.5000000 8.0000000 0.1500242
-0.5000000 -0.5000000 -0.5000000 0.0000000 2.5000000 8.0000000 0.1500242
0.0000000 -0.5000000 0.5000000 0.0000000 -0.5000000 2.0000000 0.1500242
0.4999245 -0.4999245 0.4999245 0.4999245 2.4996225 2.4994715 0.27496375
0.4999245 0.4999245 -0.4999245 0.4999245 -2.5005285 2.5003775 0.27496375
}

000077b {; Anthony Hanmer 18/1/2007, Designed with BRAZIL
0.0000000 0.5000000 0.5000000 0.0000000 -5.5000000 8.0000000 0.1500242
-0.5000000 -0.5000000 -0.5000000 0.0000000 2.5000000 8.0000000 0.1500242
0.0000000 -0.5000000 0.5000000 0.0000000 5.5000000 2.0000000 0.1500242
0.4999245 -0.4999245 0.4999245 0.4999245 2.4996225 2.4994715 0.27496375
0.4999245 0.4999245 -0.4999245 0.4999245 -2.5005285 2.5003775 0.27496375
}

000078b {; Anthony Hanmer 18/1/2007, Designed with BRAZIL
0.0000000 0.5000000 0.5000000 0.0000000 -5.5000000 8.0000000 0.1500242
-0.5000000 -0.5000000 -0.5000000 0.0000000 2.5000000 8.0000000 0.1500242
0.0000000 -0.5000000 0.5000000 0.0000000 5.5000000 8.0000000 0.1500242
0.4999245 -0.4999245 0.4999245 0.4999245 2.4996225 2.4994715 0.27496375
0.4999245 0.4999245 -0.4999245 0.4999245 -2.5005285 2.5003775 0.27496375
}

000079b {; Anthony Hanmer 18/1/2007, Designed with BRAZIL
0.0000000 0.5000000 0.5000000 0.0000000 -5.5000000 8.0000000 0.1500242
-0.5000000 -0.5000000 -0.5000000 0.0000000 2.5000000 8.0000000 0.1500242
0.0000000 -0.5000000 0.5000000 0.0000000 -0.5000000 8.0000000 0.1500242
0.4999245 -0.4999245 0.4999245 0.4999245 2.4996225 2.4994715 0.27496375
0.4999245 0.4999245 -0.4999245 0.4999245 -2.5005285 2.5003775 0.27496375
}

000080b {; Anthony Hanmer 18/1/2007, Designed with BRAZIL
0.0000000 0.5000000 0.5000000 0.0000000 -5.5000000 8.0000000 0.1500242
-0.5000000 -0.5000000 -0.5000000 0.0000000 2.5000000 8.0000000 0.1500242
0.0000000 -0.5000000 -0.5000000 0.0000000 -0.5000000 2.0000000 0.1500242
0.4999245 -0.4999245 0.4999245 0.4999245 2.4996225 2.4994715 0.27496375
0.4999245 0.4999245 -0.4999245 0.4999245 -2.5005285 2.5003775 0.27496375
}

000081b {; Anthony Hanmer 18/1/2007, Designed with BRAZIL
0.0000000 0.5000000 0.5000000 0.0000000 -5.5000000 8.0000000 0.1500242
-0.5000000 -0.5000000 -0.5000000 0.0000000 2.5000000 8.0000000 0.1500242
0.0000000 -0.5000000 -0.5000000 0.0000000 5.5000000 2.0000000 0.1500242
0.4999245 -0.4999245 0.4999245 0.4999245 2.4996225 2.4994715 0.27496375
0.4999245 0.4999245 -0.4999245 0.4999245 -2.5005285 2.5003775 0.27496375
}

000082b {; Anthony Hanmer 18/1/2007, Designed with BRAZIL
0.0000000 0.5000000 0.5000000 0.0000000 -5.5000000 8.0000000 0.1500242
-0.5000000 -0.5000000 -0.5000000 0.0000000 2.5000000 8.0000000 0.1500242
0.0000000 -0.5000000 -0.5000000 0.0000000 5.5000000 8.0000000 0.1500242
0.4999245 -0.4999245 0.4999245 0.4999245 2.4996225 2.4994715 0.27496375
0.4999245 0.4999245 -0.4999245 0.4999245 -2.5005285 2.5003775 0.27496375
}

000083b {; Anthony Hanmer 18/1/2007, Designed with BRAZIL
0.0000000 0.5000000 0.5000000 0.0000000 -5.5000000 8.0000000 0.1500242
-0.5000000 -0.5000000 -0.5000000 0.0000000 2.5000000 8.0000000 0.1500242
0.0000000 -0.5000000 -0.5000000 0.0000000 -0.5000000 8.0000000 0.1500242
0.4999245 -0.4999245 0.4999245 0.4999245 2.4996225 2.4994715 0.27496375
0.4999245 0.4999245 -0.4999245 0.4999245 -2.5005285 2.5003775 0.27496375
}

000084b {; Anthony Hanmer 18/1/2007, Designed with BRAZIL
0.0000000 0.5000000 0.5000000 0.0000000 -5.5000000 8.0000000 0.1500242
-0.5000000 -0.5000000 -0.5000000 0.0000000 2.5000000 8.0000000 0.1500242
0.6728164 0.0064108 0.0000000 0.3715724 -1.9566910 6.8955724 0.1500242
0.4999245 -0.4999245 0.4999245 0.4999245 2.4996225 2.4994715 0.27496375
0.4999245 0.4999245 -0.4999245 0.4999245 -2.5005285 2.5003775 0.27496375
}

000085b {; Anthony Hanmer 18/1/2007, Designed with BRAZIL
0.0000000 0.5000000 0.5000000 0.0000000 -5.5000000 8.0000000 0.1500242
-0.5000000 -0.5000000 -0.5000000 0.0000000 2.5000000 8.0000000 0.1500242
0.6728164 0.0064108 0.0000000 0.3715724 1.8953090 6.8955724 0.1500242
0.4999245 -0.4999245 0.4999245 0.4999245 2.4996225 2.4994715 0.27496375
0.4999245 0.4999245 -0.4999245 0.4999245 -2.5005285 2.5003775 0.27496375
}

000086b {; Anthony Hanmer 18/1/2007, Designed with BRAZIL
0.0000000 0.5000000 0.5000000 0.0000000 -5.5000000 8.0000000 0.1500242
-0.5000000 -0.5000000 -0.5000000 0.0000000 2.5000000 8.0000000 0.1500242
0.6728164 0.0064108 0.0000000 0.3715724 1.8953090 -0.6284276 0.1500242
0.4999245 -0.4999245 0.4999245 0.4999245 2.4996225 2.4994715 0.27496375
0.4999245 0.4999245 -0.4999245 0.4999245 -2.5005285 2.5003775 0.27496375
}

000087b {; Anthony Hanmer 18/1/2007, Designed with BRAZIL
0.0000000 0.5000000 0.5000000 0.0000000 -5.5000000 8.0000000 0.1500242
-0.5000000 -0.5000000 -0.5000000 0.0000000 2.5000000 8.0000000 0.1500242
0.6728164 0.0064108 0.0000000 0.3715724 -1.9566910 -0.6284276 0.1500242
0.4999245 -0.4999245 0.4999245 0.4999245 2.4996225 2.4994715 0.27496375
0.4999245 0.4999245 -0.4999245 0.4999245 -2.5005285 2.5003775 0.27496375
}

000088b {; Anthony Hanmer 18/1/2007, Designed with BRAZIL
0.0000000 0.5000000 0.5000000 0.0000000 -5.5000000 8.0000000 0.1500242
-0.5000000 -0.5000000 -0.5000000 0.0000000 2.5000000 8.0000000 0.1500242
-0.6728164 0.0064108 0.0000000 0.3715724 -1.9304874 -0.6284276 0.1500242
0.4999245 -0.4999245 0.4999245 0.4999245 2.4996225 2.4994715 0.27496375
0.4999245 0.4999245 -0.4999245 0.4999245 -2.5005285 2.5003775 0.27496375
}

000089b {; Anthony Hanmer 18/1/2007, Designed with BRAZIL
0.0000000 0.5000000 0.5000000 0.0000000 -5.5000000 8.0000000 0.1500242
-0.5000000 -0.5000000 -0.5000000 0.0000000 2.5000000 8.0000000 0.1500242
-0.6728164 -0.0082518 0.0000000 0.3715724 1.9548501 -0.6284276 0.1500242
0.4999245 -0.4999245 0.4999245 0.4999245 2.4996225 2.4994715 0.27496375
0.4999245 0.4999245 -0.4999245 0.4999245 -2.5005285 2.5003775 0.27496375
}

000090b {; Anthony Hanmer 18/1/2007, Designed with BRAZIL
0.0000000 0.5000000 0.5000000 0.0000000 -5.5000000 8.0000000 0.1500242
-0.5000000 -0.5000000 -0.5000000 0.0000000 2.5000000 8.0000000 0.1500242
-0.6728164 -0.0082518 0.0000000 0.3715724 1.9548501 6.9075724 0.1500242
0.4999245 -0.4999245 0.4999245 0.4999245 2.4996225 2.4994715 0.27496375
0.4999245 0.4999245 -0.4999245 0.4999245 -2.5005285 2.5003775 0.27496375
}

000091b {; Anthony Hanmer 18/1/2007, Designed with BRAZIL
0.0000000 0.5000000 0.5000000 0.0000000 -5.5000000 8.0000000 0.1500242
-0.5000000 -0.5000000 -0.5000000 0.0000000 2.5000000 8.0000000 0.1500242
0.0000000 -0.3715724 0.6728164 0.0064108 -1.8955724 3.0433090 0.1500242
0.4999245 -0.4999245 0.4999245 0.4999245 2.4996225 2.4994715 0.27496375
0.4999245 0.4999245 -0.4999245 0.4999245 -2.5005285 2.5003775 0.27496375
}

000092b {; Anthony Hanmer 18/1/2007, Designed with BRAZIL
0.0000000 0.5000000 0.5000000 0.0000000 -5.5000000 8.0000000 0.1500242
-0.5000000 -0.5000000 -0.5000000 0.0000000 2.5000000 8.0000000 0.1500242
0.0000000 -0.3715724 0.6728164 0.0064108 5.6284276 3.0433090 0.1500242
0.4999245 -0.4999245 0.4999245 0.4999245 2.4996225 2.4994715 0.27496375
0.4999245 0.4999245 -0.4999245 0.4999245 -2.5005285 2.5003775 0.27496375
}

000093b {; Anthony Hanmer 18/1/2007, Designed with BRAZIL
0.0000000 0.5000000 0.5000000 0.0000000 -5.5000000 8.0000000 0.1500242
-0.5000000 -0.5000000 -0.5000000 0.0000000 2.5000000 8.0000000 0.1500242
0.0000000 -0.3715724 0.6728164 0.0064108 5.6284276 6.9073090 0.1500242
0.4999245 -0.4999245 0.4999245 0.4999245 2.4996225 2.4994715 0.27496375
0.4999245 0.4999245 -0.4999245 0.4999245 -2.5005285 2.5003775 0.27496375
}

000094b {; Anthony Hanmer 18/1/2007, Designed with BRAZIL
