003998b {; Anthony Hanmer 18/1/2007, Designed with BRAZIL
0.0000000 -0.5000000 0.5000000 0.0000000 -0.5000000 5.0000000 0.1500242
-0.5000000 -0.5000000 -0.5000000 0.0000000 2.5000000 8.0000000 0.1500242
0.0000000 0.3715724 -0.6728164 0.0082518 -5.6284276 3.0353536 0.1500242
0.4999245 -0.4999245 0.4999245 0.4999245 2.4996225 2.4994715 0.27496375
0.4999245 0.4999245 -0.4999245 0.4999245 -2.5005285 2.5003775 0.27496375
}

003999b {; Anthony Hanmer 18/1/2007, Designed with BRAZIL
0.0000000 -0.5000000 0.5000000 0.0000000 -0.5000000 5.0000000 0.1500242
-0.5000000 -0.5000000 -0.5000000 0.0000000 2.5000000 8.0000000 0.1500242
0.0000000 0.3715724 -0.6728164 0.0082518 1.9195724 3.0353536 0.1500242
0.4999245 -0.4999245 0.4999245 0.4999245 2.4996225 2.4994715 0.27496375
0.4999245 0.4999245 -0.4999245 0.4999245 -2.5005285 2.5003775 0.27496375
}

004000b {; Anthony Hanmer 18/1/2007, Designed with BRAZIL
0.0000000 -0.5000000 -0.5000000 0.0000000 2.5000000 8.0000000 0.1500242
-0.5000000 -0.5000000 -0.5000000 0.0000000 2.5000000 8.0000000 0.1500242
0.6728164 0.0064108 0.0000000 0.3715724 -1.9566910 -0.6284276 0.1500242
0.4999245 -0.4999245 0.4999245 0.4999245 2.4996225 2.4994715 0.27496375
0.4999245 0.4999245 -0.4999245 0.4999245 -2.5005285 2.5003775 0.27496375
}

004001b {; Anthony Hanmer 18/1/2007, Designed with BRAZIL
0.0000000 -0.5000000 -0.5000000 0.0000000 2.5000000 8.0000000 0.1500242
-0.5000000 -0.5000000 -0.5000000 0.0000000 2.5000000 8.0000000 0.1500242
0.5000000 -0.5000000 0.0000000 -0.5000000 2.5000000 4.5000000 0.1500242
0.4999245 -0.4999245 0.4999245 0.4999245 2.4996225 2.4994715 0.27496375
0.4999245 0.4999245 -0.4999245 0.4999245 -2.5005285 2.5003775 0.27496375
}

004002b {; Anthony Hanmer 18/1/2007, Designed with BRAZIL
0.0000000 -0.5000000 -0.5000000 0.0000000 2.5000000 8.0000000 0.1500242
-0.5000000 -0.5000000 -0.5000000 0.0000000 2.5000000 8.0000000 0.1500242
0.5000000 0.5000000 0.0000000 -0.5000000 -2.5000000 4.5000000 0.1500242
0.4999245 -0.4999245 0.4999245 0.4999245 2.4996225 2.4994715 0.27496375
0.4999245 0.4999245 -0.4999245 0.4999245 -2.5005285 2.5003775 0.27496375
}

004003b {; Anthony Hanmer 18/1/2007, Designed with BRAZIL
0.0000000 -0.5000000 -0.5000000 0.0000000 2.5000000 8.0000000 0.1500242
-0.5000000 -0.5000000 -0.5000000 0.0000000 2.5000000 8.0000000 0.1500242
0.5000000 0.5000000 0.5000000 0.0000000 -2.5000000 2.0000000 0.1500242
0.4999245 -0.4999245 0.4999245 0.4999245 2.4996225 2.4994715 0.27496375
0.4999245 0.4999245 -0.4999245 0.4999245 -2.5005285 2.5003775 0.27496375
}

004004b {; Anthony Hanmer 18/1/2007, Designed with BRAZIL
0.0000000 -0.5000000 -0.5000000 0.0000000 2.5000000 8.0000000 0.1500242
-0.5000000 -0.5000000 -0.5000000 0.0000000 2.5000000 8.0000000 0.1500242
0.5000000 0.0000000 0.5000000 -0.5000000 -3.0000000 7.5000000 0.1500242
0.4999245 -0.4999245 0.4999245 0.4999245 2.4996225 2.4994715 0.27496375
0.4999245 0.4999245 -0.4999245 0.4999245 -2.5005285 2.5003775 0.27496375
}

004005b {; Anthony Hanmer 18/1/2007, Designed with BRAZIL
0.0000000 -0.5000000 -0.5000000 0.0000000 2.5000000 8.0000000 0.1500242
-0.5000000 -0.5000000 -0.5000000 0.0000000 2.5000000 8.0000000 0.1500242
0.5000000 0.0000000 -0.5000000 -0.5000000 -3.0000000 7.5000000 0.1500242
0.4999245 -0.4999245 0.4999245 0.4999245 2.4996225 2.4994715 0.27496375
0.4999245 0.4999245 -0.4999245 0.4999245 -2.5005285 2.5003775 0.27496375
}

004006b {; Anthony Hanmer 18/1/2007, Designed with BRAZIL
0.0000000 -0.5000000 -0.5000000 0.0000000 2.5000000 8.0000000 0.1500242
-0.5000000 -0.5000000 -0.5000000 0.0000000 2.5000000 8.0000000 0.1500242
0.5000000 0.0000000 -0.5000000 -0.5000000 3.0000000 7.5000000 0.1500242
0.4999245 -0.4999245 0.4999245 0.4999245 2.4996225 2.4994715 0.27496375
0.4999245 0.4999245 -0.4999245 0.4999245 -2.5005285 2.5003775 0.27496375
}

004007b {; Anthony Hanmer 18/1/2007, Designed with BRAZIL
0.0000000 -0.5000000 -0.5000000 0.0000000 2.5000000 8.0000000 0.1500242
-0.5000000 -0.5000000 -0.5000000 0.0000000 2.5000000 8.0000000 0.1500242
0.5000000 -0.5000000 -0.5000000 0.0000000 2.5000000 8.0000000 0.1500242
0.4999245 -0.4999245 0.4999245 0.4999245 2.4996225 2.4994715 0.27496375
0.4999245 0.4999245 -0.4999245 0.4999245 -2.5005285 2.5003775 0.27496375
}

004008b {; Anthony Hanmer 18/1/2007, Designed with BRAZIL
0.0000000 -0.5000000 -0.5000000 0.0000000 2.5000000 8.0000000 0.1500242
-0.5000000 -0.5000000 -0.5000000 0.0000000 2.5000000 8.0000000 0.1500242
0.5000000 -0.5000000 -0.5000000 0.0000000 2.5000000 2.0000000 0.1500242
0.4999245 -0.4999245 0.4999245 0.4999245 2.4996225 2.4994715 0.27496375
0.4999245 0.4999245 -0.4999245 0.4999245 -2.5005285 2.5003775 0.27496375
}

004009b {; Anthony Hanmer 18/1/2007, Designed with BRAZIL
0.0000000 -0.5000000 -0.5000000 0.0000000 2.5000000 8.0000000 0.1500242
-0.5000000 -0.5000000 -0.5000000 0.0000000 2.5000000 8.0000000 0.1500242
-0.5000000 -0.5000000 0.0000000 -0.5000000 2.5000000 4.5000000 0.1500242
0.4999245 -0.4999245 0.4999245 0.4999245 2.4996225 2.4994715 0.27496375
0.4999245 0.4999245 -0.4999245 0.4999245 -2.5005285 2.5003775 0.27496375
}

004010b {; Anthony Hanmer 18/1/2007, Designed with BRAZIL
0.0000000 -0.5000000 -0.5000000 0.0000000 2.5000000 8.0000000 0.1500242
-0.5000000 -0.5000000 -0.5000000 0.0000000 2.5000000 8.0000000 0.1500242
-0.5000000 -0.5000000 0.0000000 -0.5000000 2.5000000 10.5000000 0.1500242
0.4999245 -0.4999245 0.4999245 0.4999245 2.4996225 2.4994715 0.27496375
0.4999245 0.4999245 -0.4999245 0.4999245 -2.5005285 2.5003775 0.27496375
}

004011b {; Anthony Hanmer 18/1/2007, Designed with BRAZIL
0.0000000 -0.5000000 -0.5000000 0.0000000 2.5000000 8.0000000 0.1500242
-0.5000000 -0.5000000 -0.5000000 0.0000000 2.5000000 8.0000000 0.1500242
-0.5000000 0.5000000 0.0000000 0.5000000 -2.5000000 5.5000000 0.1500242
0.4999245 -0.4999245 0.4999245 0.4999245 2.4996225 2.4994715 0.27496375
0.4999245 0.4999245 -0.4999245 0.4999245 -2.5005285 2.5003775 0.27496375
}

004012b {; Anthony Hanmer 18/1/2007, Designed with BRAZIL
0.0000000 -0.5000000 -0.5000000 0.0000000 2.5000000 8.0000000 0.1500242
-0.5000000 -0.5000000 -0.5000000 0.0000000 2.5000000 8.0000000 0.1500242
-0.5000000 0.5000000 0.0000000 0.5000000 -2.5000000 -0.5000000 0.1500242
0.4999245 -0.4999245 0.4999245 0.4999245 2.4996225 2.4994715 0.27496375
0.4999245 0.4999245 -0.4999245 0.4999245 -2.5005285 2.5003775 0.27496375
}

004013b {; Anthony Hanmer 18/1/2007, Designed with BRAZIL
0.0000000 -0.5000000 -0.5000000 0.0000000 2.5000000 8.0000000 0.1500242
-0.5000000 -0.5000000 -0.5000000 0.0000000 2.5000000 8.0000000 0.1500242
0.5000000 0.5000000 0.0000000 0.5000000 -2.5000000 -0.5000000 0.1500242
0.4999245 -0.4999245 0.4999245 0.4999245 2.4996225 2.4994715 0.27496375
0.4999245 0.4999245 -0.4999245 0.4999245 -2.5005285 2.5003775 0.27496375
}

004014b {; Anthony Hanmer 18/1/2007, Designed with BRAZIL
0.0000000 -0.5000000 -0.5000000 0.0000000 2.5000000 8.0000000 0.1500242
-0.5000000 -0.5000000 -0.5000000 0.0000000 2.5000000 8.0000000 0.1500242
0.5000000 0.5000000 0.0000000 0.5000000 -2.5000000 5.5000000 0.1500242
0.4999245 -0.4999245 0.4999245 0.4999245 2.4996225 2.4994715 0.27496375
0.4999245 0.4999245 -0.4999245 0.4999245 -2.5005285 2.5003775 0.27496375
}

004015b {; Anthony Hanmer 18/1/2007, Designed with BRAZIL
0.0000000 -0.5000000 -0.5000000 0.0000000 2.5000000 8.0000000 0.1500242
-0.5000000 -0.5000000 -0.5000000 0.0000000 2.5000000 8.0000000 0.1500242
0.0000000 -0.5000000 -0.5000000 0.5000000 -0.5000000 2.5000000 0.1500242
0.4999245 -0.4999245 0.4999245 0.4999245 2.4996225 2.4994715 0.27496375
0.4999245 0.4999245 -0.4999245 0.4999245 -2.5005285 2.5003775 0.27496375
}

004016b {; Anthony Hanmer 18/1/2007, Designed with BRAZIL
0.0000000 -0.5000000 -0.5000000 0.0000000 2.5000000 8.0000000 0.1500242
-0.5000000 -0.5000000 -0.5000000 0.0000000 2.5000000 8.0000000 0.1500242
0.0000000 -0.5000000 -0.5000000 0.5000000 5.5000000 2.5000000 0.1500242
0.4999245 -0.4999245 0.4999245 0.4999245 2.4996225 2.4994715 0.27496375
0.4999245 0.4999245 -0.4999245 0.4999245 -2.5005285 2.5003775 0.27496375
}

004017b {; Anthony Hanmer 18/1/2007, Designed with BRAZIL
0.0000000 -0.5000000 -0.5000000 0.0000000 2.5000000 8.0000000 0.1500242
-0.5000000 -0.5000000 -0.5000000 0.0000000 2.5000000 8.0000000 0.1500242
0.0000000 -0.5000000 0.5000000 0.5000000 5.5000000 2.5000000 0.1500242
0.4999245 -0.4999245 0.4999245 0.4999245 2.4996225 2.4994715 0.27496375
0.4999245 0.4999245 -0.4999245 0.4999245 -2.5005285 2.5003775 0.27496375
}

004018b {; Anthony Hanmer 18/1/2007, Designed with BRAZIL
0.0000000 -0.5000000 -0.5000000 0.0000000 2.5000000 8.0000000 0.1500242
-0.5000000 -0.5000000 -0.5000000 0.0000000 2.5000000 8.0000000 0.1500242
0.0000000 -0.5000000 0.5000000 0.5000000 -0.5000000 2.5000000 0.1500242
0.4999245 -0.4999245 0.4999245 0.4999245 2.4996225 2.4994715 0.27496375
0.4999245 0.4999245 -0.4999245 0.4999245 -2.5005285 2.5003775 0.27496375
}

004019b {; Anthony Hanmer 18/1/2007, Designed with BRAZIL
0.0000000 -0.5000000 -0.5000000 0.0000000 2.5000000 8.0000000 0.1500242
-0.5000000 -0.5000000 -0.5000000 0.0000000 2.5000000 8.0000000 0.1500242
0.0000000 0.5000000 0.5000000 -0.5000000 0.5000000 7.5000000 0.1500242
0.4999245 -0.4999245 0.4999245 0.4999245 2.4996225 2.4994715 0.27496375
0.4999245 0.4999245 -0.4999245 0.4999245 -2.5005285 2.5003775 0.27496375
}

004020b {; Anthony Hanmer 18/1/2007, Designed with BRAZIL
0.0000000 -0.5000000 -0.5000000 0.0000000 2.5000000 8.0000000 0.1500242
-0.5000000 -0.5000000 -0.5000000 0.0000000 2.5000000 8.0000000 0.1500242
0.0000000 0.5000000 0.5000000 -0.5000000 -5.5000000 7.5000000 0.1500242
0.4999245 -0.4999245 0.4999245 0.4999245 2.4996225 2.4994715 0.27496375
0.4999245 0.4999245 -0.4999245 0.4999245 -2.5005285 2.5003775 0.27496375
}

004021b {; Anthony Hanmer 18/1/2007, Designed with BRAZIL
0.0000000 -0.5000000 -0.5000000 0.0000000 2.5000000 8.0000000 0.1500242
-0.5000000 -0.5000000 -0.5000000 0.0000000 2.5000000 8.0000000 0.1500242
0.0000000 0.5000000 -0.5000000 -0.5000000 -5.5000000 7.5000000 0.1500242
0.4999245 -0.4999245 0.4999245 0.4999245 2.4996225 2.4994715 0.27496375
0.4999245 0.4999245 -0.4999245 0.4999245 -2.5005285 2.5003775 0.27496375
}

004022b {; Anthony Hanmer 18/1/2007, Designed with BRAZIL
0.0000000 -0.5000000 -0.5000000 0.0000000 2.5000000 8.0000000 0.1500242
-0.5000000 -0.5000000 -0.5000000 0.0000000 2.5000000 8.0000000 0.1500242
0.0000000 0.5000000 -0.5000000 -0.5000000 0.5000000 7.5000000 0.1500242
0.4999245 -0.4999245 0.4999245 0.4999245 2.4996225 2.4994715 0.27496375
0.4999245 0.4999245 -0.4999245 0.4999245 -2.5005285 2.5003775 0.27496375
}

004023b {; Anthony Hanmer 18/1/2007, Designed with BRAZIL
0.0000000 -0.5000000 -0.5000000 0.0000000 2.5000000 8.0000000 0.1500242
-0.5000000 -0.5000000 -0.5000000 0.0000000 2.5000000 8.0000000 0.1500242
-0.5000000 0.5000000 0.0000000 0.5000000 -2.5000000 5.5000000 0.1500242
0.4999245 -0.4999245 0.4999245 0.4999245 2.4996225 2.4994715 0.27496375
0.4999245 0.4999245 -0.4999245 0.4999245 -2.5005285 2.5003775 0.27496375
}

004024b {; Anthony Hanmer 18/1/2007, Designed with BRAZIL
0.0000000 -0.5000000 -0.5000000 0.0000000 2.5000000 8.0000000 0.1500242
-0.5000000 -0.5000000 -0.5000000 0.0000000 2.5000000 8.0000000 0.1500242
-0.5000000 -0.5000000 0.5000000 0.0000000 2.5000000 8.0000000 0.1500242
0.4999245 -0.4999245 0.4999245 0.4999245 2.4996225 2.4994715 0.27496375
0.4999245 0.4999245 -0.4999245 0.4999245 -2.5005285 2.5003775 0.27496375
}

004025b {; Anthony Hanmer 18/1/2007, Designed with BRAZIL
0.0000000 -0.5000000 -0.5000000 0.0000000 2.5000000 8.0000000 0.1500242
-0.5000000 -0.5000000 -0.5000000 0.0000000 2.5000000 8.0000000 0.1500242
-0.5000000 -0.5000000 0.5000000 0.0000000 2.5000000 2.0000000 0.1500242
0.4999245 -0.4999245 0.4999245 0.4999245 2.4996225 2.4994715 0.27496375
0.4999245 0.4999245 -0.4999245 0.4999245 -2.5005285 2.5003775 0.27496375
}

004026b {; Anthony Hanmer 18/1/2007, Designed with BRAZIL
0.0000000 -0.5000000 -0.5000000 0.0000000 2.5000000 8.0000000 0.1500242
-0.5000000 -0.5000000 -0.5000000 0.0000000 2.5000000 8.0000000 0.1500242
-0.6728164 0.0064108 0.0000000 0.3715724 -1.9304874 -0.6284276 0.1500242
0.4999245 -0.4999245 0.4999245 0.4999245 2.4996225 2.4994715 0.27496375
0.4999245 0.4999245 -0.4999245 0.4999245 -2.5005285 2.5003775 0.27496375
}

004027b {; Anthony Hanmer 18/1/2007, Designed with BRAZIL
0.0000000 -0.5000000 -0.5000000 0.0000000 2.5000000 8.0000000 0.1500242
-0.5000000 -0.5000000 -0.5000000 0.0000000 2.5000000 8.0000000 0.1500242
0.5000000 -0.5000000 -0.5000000 0.0000000 2.5000000 8.0000000 0.1500242
0.4999245 -0.4999245 0.4999245 0.4999245 2.4996225 2.4994715 0.27496375
0.4999245 0.4999245 -0.4999245 0.4999245 -2.5005285 2.5003775 0.27496375
}

004028b {; Anthony Hanmer 18/1/2007, Designed with BRAZIL
0.0000000 -0.5000000 -0.5000000 0.0000000 2.5000000 8.0000000 0.1500242
-0.5000000 -0.5000000 -0.5000000 0.0000000 2.5000000 8.0000000 0.1500242
0.5000000 0.5000000 -0.5000000 0.0000000 -2.5000000 8.0000000 0.1500242
0.4999245 -0.4999245 0.4999245 0.4999245 2.4996225 2.4994715 0.27496375
0.4999245 0.4999245 -0.4999245 0.4999245 -2.5005285 2.5003775 0.27496375
}

004029b {; Anthony Hanmer 18/1/2007, Designed with BRAZIL
0.0000000 -0.5000000 -0.5000000 0.0000000 2.5000000 8.0000000 0.1500242
-0.5000000 -0.5000000 -0.5000000 0.0000000 2.5000000 8.0000000 0.1500242
0.5000000 0.5000000 -0.5000000 0.0000000 -2.5000000 2.0000000 0.1500242
0.4999245 -0.4999245 0.4999245 0.4999245 2.4996225 2.4994715 0.27496375
0.4999245 0.4999245 -0.4999245 0.4999245 -2.5005285 2.5003775 0.27496375
}

004030b {; Anthony Hanmer 18/1/2007, Designed with BRAZIL
0.0000000 -0.5000000 -0.5000000 0.0000000 2.5000000 8.0000000 0.1500242
-0.5000000 -0.5000000 -0.5000000 0.0000000 2.5000000 8.0000000 0.1500242
-0.5000000 0.5000000 0.5000000 0.0000000 -2.5000000 8.0000000 0.1500242
0.4999245 -0.4999245 0.4999245 0.4999245 2.4996225 2.4994715 0.27496375
0.4999245 0.4999245 -0.4999245 0.4999245 -2.5005285 2.5003775 0.27496375
}

004031b {; Anthony Hanmer 18/1/2007, Designed with BRAZIL
0.0000000 -0.5000000 -0.5000000 0.0000000 2.5000000 8.0000000 0.1500242
-0.5000000 -0.5000000 -0.5000000 0.0000000 2.5000000 8.0000000 0.1500242
-0.5000000 0.5000000 0.5000000 0.0000000 -2.5000000 2.0000000 0.1500242
0.4999245 -0.4999245 0.4999245 0.4999245 2.4996225 2.4994715 0.27496375
0.4999245 0.4999245 -0.4999245 0.4999245 -2.5005285 2.5003775 0.27496375
}

004032b {; Anthony Hanmer 18/1/2007, Designed with BRAZIL
0.0000000 -0.5000000 -0.5000000 0.0000000 2.5000000 8.0000000 0.1500242
-0.5000000 -0.5000000 -0.5000000 0.0000000 2.5000000 8.0000000 0.1500242
-0.5000000 0.0000000 -0.5000000 -0.5000000 3.0000000 7.5000000 0.1500242
0.4999245 -0.4999245 0.4999245 0.4999245 2.4996225 2.4994715 0.27496375
0.4999245 0.4999245 -0.4999245 0.4999245 -2.5005285 2.5003775 0.27496375
}

004033b {; Anthony Hanmer 18/1/2007, Designed with BRAZIL
0.0000000 -0.5000000 -0.5000000 0.0000000 2.5000000 8.0000000 0.1500242
-0.5000000 -0.5000000 -0.5000000 0.0000000 2.5000000 8.0000000 0.1500242
-0.5000000 0.0000000 -0.5000000 -0.5000000 -3.0000000 7.5000000 0.1500242
0.4999245 -0.4999245 0.4999245 0.4999245 2.4996225 2.4994715 0.27496375
0.4999245 0.4999245 -0.4999245 0.4999245 -2.5005285 2.5003775 0.27496375
}

004034b {; Anthony Hanmer 18/1/2007, Designed with BRAZIL
0.0000000 -0.5000000 -0.5000000 0.0000000 2.5000000 8.0000000 0.1500242
-0.5000000 -0.5000000 -0.5000000 0.0000000 2.5000000 8.0000000 0.1500242
0.5000000 0.0000000 0.5000000 -0.5000000 3.0000000 7.5000000 0.1500242
0.4999245 -0.4999245 0.4999245 0.4999245 2.4996225 2.4994715 0.27496375
0.4999245 0.4999245 -0.4999245 0.4999245 -2.5005285 2.5003775 0.27496375
}

004035b {; Anthony Hanmer 18/1/2007, Designed with BRAZIL
0.0000000 -0.5000000 -0.5000000 0.0000000 2.5000000 8.0000000 0.1500242
-0.5000000 -0.5000000 -0.5000000 0.0000000 2.5000000 8.0000000 0.1500242
0.5000000 0.0000000 0.5000000 -0.5000000 -3.0000000 7.5000000 0.1500242
0.4999245 -0.4999245 0.4999245 0.4999245 2.4996225 2.4994715 0.27496375
0.4999245 0.4999245 -0.4999245 0.4999245 -2.5005285 2.5003775 0.27496375
}

004036b {; Anthony Hanmer 18/1/2007, Designed with BRAZIL
0.0000000 -0.5000000 -0.5000000 0.0000000 2.5000000 8.0000000 0.1500242
-0.5000000 -0.5000000 -0.5000000 0.0000000 2.5000000 8.0000000 0.1500242
0.5000000 0.0000000 0.5000000 0.5000000 -3.0000000 2.5000000 0.1500242
0.4999245 -0.4999245 0.4999245 0.4999245 2.4996225 2.4994715 0.27496375
0.4999245 0.4999245 -0.4999245 0.4999245 -2.5005285 2.5003775 0.27496375
}

004037b {; Anthony Hanmer 18/1/2007, Designed with BRAZIL
0.0000000 -0.5000000 -0.5000000 0.0000000 2.5000000 8.0000000 0.1500242
-0.5000000 -0.5000000 -0.5000000 0.0000000 2.5000000 8.0000000 0.1500242
0.5000000 0.0000000 0.5000000 0.5000000 3.0000000 2.5000000 0.1500242
0.4999245 -0.4999245 0.4999245 0.4999245 2.4996225 2.4994715 0.27496375
0.4999245 0.4999245 -0.4999245 0.4999245 -2.5005285 2.5003775 0.27496375
}

004038b {; Anthony Hanmer 18/1/2007, Designed with BRAZIL
0.0000000 -0.5000000 -0.5000000 0.0000000 2.5000000 8.0000000 0.1500242
-0.5000000 -0.5000000 -0.5000000 0.0000000 2.5000000 8.0000000 0.1500242
-0.5000000 0.0000000 -0.5000000 0.5000000 -3.0000000 2.5000000 0.1500242
0.4999245 -0.4999245 0.4999245 0.4999245 2.4996225 2.4994715 0.27496375
0.4999245 0.4999245 -0.4999245 0.4999245 -2.5005285 2.5003775 0.27496375
}

004039b {; Anthony Hanmer 18/1/2007, Designed with BRAZIL
0.0000000 -0.5000000 -0.5000000 0.0000000 2.5000000 8.0000000 0.1500242
-0.5000000 -0.5000000 -0.5000000 0.0000000 2.5000000 8.0000000 0.1500242
-0.5000000 0.0000000 -0.5000000 0.5000000 3.0000000 2.5000000 0.1500242
0.4999245 -0.4999245 0.4999245 0.4999245 2.4996225 2.4994715 0.27496375
0.4999245 0.4999245 -0.4999245 0.4999245 -2.5005285 2.5003775 0.27496375
}

004040b {; Anthony Hanmer 18/1/2007, Designed with BRAZIL
0.0000000 -0.5000000 -0.5000000 0.0000000 2.5000000 8.0000000 0.1500242
-0.5000000 -0.5000000 -0.5000000 0.0000000 2.5000000 8.0000000 0.1500242
0.0000000 0.3715724 -0.6728164 0.0082518 -5.6284276 3.0353536 0.1500242
0.4999245 -0.4999245 0.4999245 0.4999245 2.4996225 2.4994715 0.27496375
0.4999245 0.4999245 -0.4999245 0.4999245 -2.5005285 2.5003775 0.27496375
}

004041b {; Anthony Hanmer 18/1/2007, Designed with BRAZIL
0.0000000 -0.5000000 -0.5000000 0.0000000 2.5000000 8.0000000 0.1500242
-0.5000000 -0.5000000 -0.5000000 0.0000000 2.5000000 8.0000000 0.1500242
-0.5000000 0.0000000 0.5000000 -0.5000000 -3.0000000 7.5000000 0.1500242
0.4999245 -0.4999245 0.4999245 0.4999245 2.4996225 2.4994715 0.27496375
0.4999245 0.4999245 -0.4999245 0.4999245 -2.5005285 2.5003775 0.27496375
}

004042b {; Anthony Hanmer 18/1/2007, Designed with BRAZIL
0.0000000 -0.5000000 -0.5000000 0.0000000 2.5000000 8.0000000 0.1500242
-0.5000000 -0.5000000 -0.5000000 0.0000000 2.5000000 8.0000000 0.1500242
-0.5000000 0.0000000 0.5000000 -0.5000000 3.0000000 7.5000000 0.1500242
0.4999245 -0.4999245 0.4999245 0.4999245 2.4996225 2.4994715 0.27496375
0.4999245 0.4999245 -0.4999245 0.4999245 -2.5005285 2.5003775 0.27496375
}

004043b {; Anthony Hanmer 18/1/2007, Designed with BRAZIL
0.0000000 -0.5000000 -0.5000000 0.0000000 2.5000000 8.0000000 0.1500242
-0.5000000 -0.5000000 -0.5000000 0.0000000 2.5000000 8.0000000 0.1500242
0.5000000 0.0000000 -0.5000000 -0.5000000 3.0000000 7.5000000 0.1500242
0.4999245 -0.4999245 0.4999245 0.4999245 2.4996225 2.4994715 0.27496375
0.4999245 0.4999245 -0.4999245 0.4999245 -2.5005285 2.5003775 0.27496375
}

004044b {; Anthony Hanmer 18/1/2007, Designed with BRAZIL
0.0000000 -0.5000000 -0.5000000 0.0000000 2.5000000 8.0000000 0.1500242
-0.5000000 -0.5000000 -0.5000000 0.0000000 2.5000000 8.0000000 0.1500242
0.5000000 0.0000000 -0.5000000 0.5000000 -3.0000000 2.5000000 0.1500242
0.4999245 -0.4999245 0.4999245 0.4999245 2.4996225 2.4994715 0.27496375
0.4999245 0.4999245 -0.4999245 0.4999245 -2.5005285 2.5003775 0.27496375
}

004045b {; Anthony Hanmer 18/1/2007, Designed with BRAZIL
0.0000000 -0.5000000 -0.5000000 0.0000000 2.5000000 8.0000000 0.1500242
-0.5000000 -0.5000000 -0.5000000 0.0000000 2.5000000 8.0000000 0.1500242
0.5000000 0.0000000 -0.5000000 0.5000000 3.0000000 2.5000000 0.1500242
0.4999245 -0.4999245 0.4999245 0.4999245 2.4996225 2.4994715 0.27496375
0.4999245 0.4999245 -0.4999245 0.4999245 -2.5005285 2.5003775 0.27496375
}

004046b {; Anthony Hanmer 18/1/2007, Designed with BRAZIL
0.0000000 -0.5000000 -0.5000000 0.0000000 2.5000000 8.0000000 0.1500242
-0.5000000 -0.5000000 -0.5000000 0.0000000 2.5000000 8.0000000 0.1500242
-0.5000000 0.0000000 0.5000000 0.5000000 -3.0000000 2.5000000 0.1500242
0.4999245 -0.4999245 0.4999245 0.4999245 2.4996225 2.4994715 0.27496375
0.4999245 0.4999245 -0.4999245 0.4999245 -2.5005285 2.5003775 0.27496375
}

004047b {; Anthony Hanmer 18/1/2007, Designed with BRAZIL
0.0000000 -0.5000000 -0.5000000 0.0000000 2.5000000 8.0000000 0.1500242
-0.5000000 -0.5000000 -0.5000000 0.0000000 2.5000000 8.0000000 0.1500242
-0.5000000 0.0000000 0.5000000 0.5000000 3.0000000 2.5000000 0.1500242
0.4999245 -0.4999245 0.4999245 0.4999245 2.4996225 2.4994715 0.27496375
0.4999245 0.4999245 -0.4999245 0.4999245 -2.5005285 2.5003775 0.27496375
}

004048b {; Anthony Hanmer 18/1/2007, Designed with BRAZIL
0.0000000 -0.5000000 -0.5000000 0.0000000 2.5000000 8.0000000 0.1500242
-0.5000000 -0.5000000 -0.5000000 0.0000000 2.5000000 8.0000000 0.1500242
-0.5000000 -0.5000000 -0.5000000 0.0000000 2.5000000 2.0000000 0.1500242
0.4999245 -0.4999245 0.4999245 0.4999245 2.4996225 2.4994715 0.27496375
0.4999245 0.4999245 -0.4999245 0.4999245 -2.5005285 2.5003775 0.27496375
}

004049b {; Anthony Hanmer 18/1/2007, Designed with BRAZIL
0.0000000 -0.5000000 -0.5000000 0.0000000 2.5000000 8.0000000 0.1500242
-0.5000000 -0.5000000 -0.5000000 0.0000000 2.5000000 8.0000000 0.1500242
-0.5000000 -0.5000000 -0.5000000 0.0000000 2.5000000 8.0000000 0.1500242
0.4999245 -0.4999245 0.4999245 0.4999245 2.4996225 2.4994715 0.27496375
0.4999245 0.4999245 -0.4999245 0.4999245 -2.5005285 2.5003775 0.27496375
}

004050b {; Anthony Hanmer 18/1/2007, Designed with BRAZIL
0.0000000 -0.5000000 -0.5000000 0.0000000 2.5000000 8.0000000 0.1500242
-0.5000000 -0.5000000 -0.5000000 0.0000000 2.5000000 8.0000000 0.1500242
0.5000000 0.5000000 0.5000000 0.0000000 -2.5000000 8.0000000 0.1500242
0.4999245 -0.4999245 0.4999245 0.4999245 2.4996225 2.4994715 0.27496375
0.4999245 0.4999245 -0.4999245 0.4999245 -2.5005285 2.5003775 0.27496375
}

004051b {; Anthony Hanmer 18/1/2007, Designed with BRAZIL
0.0000000 -0.5000000 -0.5000000 0.0000000 2.5000000 8.0000000 0.1500242
-0.5000000 -0.5000000 -0.5000000 0.0000000 2.5000000 8.0000000 0.1500242
0.5000000 -0.5000000 0.5000000 0.0000000 2.5000000 2.0000000 0.1500242
0.4999245 -0.4999245 0.4999245 0.4999245 2.4996225 2.4994715 0.27496375
0.4999245 0.4999245 -0.4999245 0.4999245 -2.5005285 2.5003775 0.27496375
}

004052b {; Anthony Hanmer 18/1/2007, Designed with BRAZIL
0.0000000 -0.5000000 -0.5000000 0.0000000 2.5000000 8.0000000 0.1500242
-0.5000000 -0.5000000 -0.5000000 0.0000000 2.5000000 8.0000000 0.1500242
-0.5000000 0.0000000 0.0000000 -0.5000000 -3.0000000 4.5000000 0.1500242
0.4999245 -0.4999245 0.4999245 0.4999245 2.4996225 2.4994715 0.27496375
0.4999245 0.4999245 -0.4999245 0.4999245 -2.5005285 2.5003775 0.27496375
}

004053b {; Anthony Hanmer 18/1/2007, Designed with BRAZIL
0.0000000 -0.5000000 -0.5000000 0.0000000 2.5000000 8.0000000 0.1500242
-0.5000000 -0.5000000 -0.5000000 0.0000000 2.5000000 8.0000000 0.1500242
-0.5000000 0.0000000 0.0000000 -0.5000000 3.0000000 4.5000000 0.1500242
0.4999245 -0.4999245 0.4999245 0.4999245 2.4996225 2.4994715 0.27496375
0.4999245 0.4999245 -0.4999245 0.4999245 -2.5005285 2.5003775 0.27496375
}

004054b {; Anthony Hanmer 18/1/2007, Designed with BRAZIL
0.0000000 -0.5000000 -0.5000000 0.0000000 2.5000000 8.0000000 0.1500242
-0.5000000 -0.5000000 -0.5000000 0.0000000 2.5000000 8.0000000 0.1500242
-0.5000000 0.0000000 0.0000000 -0.5000000 3.0000000 10.5000000 0.1500242
0.4999245 -0.4999245 0.4999245 0.4999245 2.4996225 2.4994715 0.27496375
0.4999245 0.4999245 -0.4999245 0.4999245 -2.5005285 2.5003775 0.27496375
}

004055b {; Anthony Hanmer 18/1/2007, Designed with BRAZIL
0.0000000 -0.5000000 -0.5000000 0.0000000 2.5000000 8.0000000 0.1500242
-0.5000000 -0.5000000 -0.5000000 0.0000000 2.5000000 8.0000000 0.1500242
-0.5000000 0.0000000 0.0000000 -0.5000000 -3.0000000 10.5000000 0.1500242
0.4999245 -0.4999245 0.4999245 0.4999245 2.4996225 2.4994715 0.27496375
0.4999245 0.4999245 -0.4999245 0.4999245 -2.5005285 2.5003775 0.27496375
}

004056b {; Anthony Hanmer 18/1/2007, Designed with BRAZIL
0.0000000 -0.5000000 -0.5000000 0.0000000 2.5000000 8.0000000 0.1500242
-0.5000000 -0.5000000 -0.5000000 0.0000000 2.5000000 8.0000000 0.1500242
0.5000000 0.0000000 0.0000000 -0.5000000 3.0000000 10.5000000 0.1500242
0.4999245 -0.4999245 0.4999245 0.4999245 2.4996225 2.4994715 0.27496375
0.4999245 0.4999245 -0.4999245 0.4999245 -2.5005285 2.5003775 0.27496375
}

004057b {; Anthony Hanmer 18/1/2007, Designed with BRAZIL
0.0000000 -0.5000000 -0.5000000 0.0000000 2.5000000 8.0000000 0.1500242
-0.5000000 -0.5000000 -0.5000000 0.0000000 2.5000000 8.0000000 0.1500242
0.5000000 0.0000000 0.0000000 -0.5000000 3.0000000 4.5000000 0.1500242
0.4999245 -0.4999245 0.4999245 0.4999245 2.4996225 2.4994715 0.27496375
0.4999245 0.4999245 -0.4999245 0.4999245 -2.5005285 2.5003775 0.27496375
}

004058b {; Anthony Hanmer 18/1/2007, Designed with BRAZIL
0.0000000 -0.5000000 -0.5000000 0.0000000 2.5000000 8.0000000 0.1500242
-0.5000000 -0.5000000 -0.5000000 0.0000000 2.5000000 8.0000000 0.1500242
0.5000000 0.0000000 0.0000000 -0.5000000 -3.0000000 4.5000000 0.1500242
0.4999245 -0.4999245 0.4999245 0.4999245 2.4996225 2.4994715 0.27496375
0.4999245 0.4999245 -0.4999245 0.4999245 -2.5005285 2.5003775 0.27496375
}

004059b {; Anthony Hanmer 18/1/2007, Designed with BRAZIL
0.0000000 -0.5000000 -0.5000000 0.0000000 2.5000000 8.0000000 0.1500242
-0.5000000 -0.5000000 -0.5000000 0.0000000 2.5000000 8.0000000 0.1500242
0.5000000 0.0000000 0.0000000 -0.5000000 -3.0000000 10.5000000 0.1500242
0.4999245 -0.4999245 0.4999245 0.4999245 2.4996225 2.4994715 0.27496375
0.4999245 0.4999245 -0.4999245 0.4999245 -2.5005285 2.5003775 0.27496375
}

004060b {; Anthony Hanmer 18/1/2007, Designed with BRAZIL
0.0000000 -0.5000000 -0.5000000 0.0000000 2.5000000 8.0000000 0.1500242
-0.5000000 -0.5000000 -0.5000000 0.0000000 2.5000000 8.0000000 0.1500242
-0.5000000 0.0000000 0.0000000 0.5000000 -3.0000000 5.5000000 0.1500242
0.4999245 -0.4999245 0.4999245 0.4999245 2.4996225 2.4994715 0.27496375
0.4999245 0.4999245 -0.4999245 0.4999245 -2.5005285 2.5003775 0.27496375
}

004061b {; Anthony Hanmer 18/1/2007, Designed with BRAZIL
0.0000000 -0.5000000 -0.5000000 0.0000000 2.5000000 8.0000000 0.1500242
-0.5000000 -0.5000000 -0.5000000 0.0000000 2.5000000 8.0000000 0.1500242
-0.5000000 0.0000000 0.0000000 0.5000000 3.0000000 5.5000000 0.1500242
0.4999245 -0.4999245 0.4999245 0.4999245 2.4996225 2.4994715 0.27496375
0.4999245 0.4999245 -0.4999245 0.4999245 -2.5005285 2.5003775 0.27496375
}

004062b {; Anthony Hanmer 18/1/2007, Designed with BRAZIL
0.0000000 -0.5000000 -0.5000000 0.0000000 2.5000000 8.0000000 0.1500242
-0.5000000 -0.5000000 -0.5000000 0.0000000 2.5000000 8.0000000 0.1500242
-0.5000000 0.0000000 0.0000000 0.5000000 3.0000000 -0.5000000 0.1500242
0.4999245 -0.4999245 0.4999245 0.4999245 2.4996225 2.4994715 0.27496375
0.4999245 0.4999245 -0.4999245 0.4999245 -2.5005285 2.5003775 0.27496375
}

004063b {; Anthony Hanmer 18/1/2007, Designed with BRAZIL
0.0000000 -0.5000000 -0.5000000 0.0000000 2.5000000 8.0000000 0.1500242
-0.5000000 -0.5000000 -0.5000000 0.0000000 2.5000000 8.0000000 0.1500242
-0.5000000 0.0000000 0.0000000 0.5000000 -3.0000000 -0.5000000 0.1500242
0.4999245 -0.4999245 0.4999245 0.4999245 2.4996225 2.4994715 0.27496375
0.4999245 0.4999245 -0.4999245 0.4999245 -2.5005285 2.5003775 0.27496375
}

004064b {; Anthony Hanmer 18/1/2007, Designed with BRAZIL
0.0000000 -0.5000000 -0.5000000 0.0000000 2.5000000 8.0000000 0.1500242
-0.5000000 -0.5000000 -0.5000000 0.0000000 2.5000000 8.0000000 0.1500242
0.5000000 0.0000000 0.0000000 0.5000000 3.0000000 -0.5000000 0.1500242
0.4999245 -0.4999245 0.4999245 0.4999245 2.4996225 2.4994715 0.27496375
0.4999245 0.4999245 -0.4999245 0.4999245 -2.5005285 2.5003775 0.27496375
}

004065b {; Anthony Hanmer 18/1/2007, Designed with BRAZIL
0.0000000 -0.5000000 -0.5000000 0.0000000 2.5000000 8.0000000 0.1500242
-0.5000000 -0.5000000 -0.5000000 0.0000000 2.5000000 8.0000000 0.1500242
0.5000000 0.0000000 0.0000000 0.5000000 3.0000000 5.5000000 0.1500242
0.4999245 -0.4999245 0.4999245 0.4999245 2.4996225 2.4994715 0.27496375
0.4999245 0.4999245 -0.4999245 0.4999245 -2.5005285 2.5003775 0.27496375
}

004066b {; Anthony Hanmer 18/1/2007, Designed with BRAZIL
0.0000000 -0.5000000 -0.5000000 0.0000000 2.5000000 8.0000000 0.1500242
-0.5000000 -0.5000000 -0.5000000 0.0000000 2.5000000 8.0000000 0.1500242
0.5000000 0.0000000 0.0000000 0.5000000 -3.0000000 5.5000000 0.1500242
0.4999245 -0.4999245 0.4999245 0.4999245 2.4996225 2.4994715 0.27496375
0.4999245 0.4999245 -0.4999245 0.4999245 -2.5005285 2.5003775 0.27496375
}

004067b {; Anthony Hanmer 18/1/2007, Designed with BRAZIL
0.0000000 -0.5000000 -0.5000000 0.0000000 2.5000000 8.0000000 0.1500242
-0.5000000 -0.5000000 -0.5000000 0.0000000 2.5000000 8.0000000 0.1500242
0.5000000 0.0000000 0.0000000 0.5000000 -3.0000000 -0.5000000 0.1500242
0.4999245 -0.4999245 0.4999245 0.4999245 2.4996225 2.4994715 0.27496375
0.4999245 0.4999245 -0.4999245 0.4999245 -2.5005285 2.5003775 0.27496375
}

004068b {; Anthony Hanmer 18/1/2007, Designed with BRAZIL
0.0000000 -0.5000000 -0.5000000 0.0000000 2.5000000 8.0000000 0.1500242
-0.5000000 -0.5000000 -0.5000000 0.0000000 2.5000000 8.0000000 0.1500242
0.0000000 0.5000000 -0.5000000 0.0000000 -5.5000000 2.0000000 0.1500242
0.4999245 -0.4999245 0.4999245 0.4999245 2.4996225 2.4994715 0.27496375
0.4999245 0.4999245 -0.4999245 0.4999245 -2.5005285 2.5003775 0.27496375
}

004069b {; Anthony Hanmer 18/1/2007, Designed with BRAZIL
0.0000000 -0.5000000 -0.5000000 0.0000000 2.5000000 8.0000000 0.1500242
-0.5000000 -0.5000000 -0.5000000 0.0000000 2.5000000 8.0000000 0.1500242
0.0000000 0.5000000 -0.5000000 0.0000000 0.5000000 2.0000000 0.1500242
0.4999245 -0.4999245 0.4999245 0.4999245 2.4996225 2.4994715 0.27496375
0.4999245 0.4999245 -0.4999245 0.4999245 -2.5005285 2.5003775 0.27496375
}

004070b {; Anthony Hanmer 18/1/2007, Designed with BRAZIL
0.0000000 -0.5000000 -0.5000000 0.0000000 2.5000000 8.0000000 0.1500242
-0.5000000 -0.5000000 -0.5000000 0.0000000 2.5000000 8.0000000 0.1500242
0.0000000 0.5000000 -0.5000000 0.0000000 0.5000000 8.0000000 0.1500242
0.4999245 -0.4999245 0.4999245 0.4999245 2.4996225 2.4994715 0.27496375
0.4999245 0.4999245 -0.4999245 0.4999245 -2.5005285 2.5003775 0.27496375
}

004071b {; Anthony Hanmer 18/1/2007, Designed with BRAZIL
0.0000000 -0.5000000 -0.5000000 0.0000000 2.5000000 8.0000000 0.1500242
-0.5000000 -0.5000000 -0.5000000 0.0000000 2.5000000 8.0000000 0.1500242
0.0000000 0.5000000 -0.5000000 0.0000000 -5.5000000 8.0000000 0.1500242
0.4999245 -0.4999245 0.4999245 0.4999245 2.4996225 2.4994715 0.27496375
0.4999245 0.4999245 -0.4999245 0.4999245 -2.5005285 2.5003775 0.27496375
}

004072b {; Anthony Hanmer 18/1/2007, Designed with BRAZIL
0.0000000 -0.5000000 -0.5000000 0.0000000 2.5000000 8.0000000 0.1500242
-0.5000000 -0.5000000 -0.5000000 0.0000000 2.5000000 8.0000000 0.1500242
0.0000000 -0.5000000 -0.5000000 0.0000000 2.5000000 8.0000000 0.1500242
0.4999245 -0.4999245 0.4999245 0.4999245 2.4996225 2.4994715 0.27496375
0.4999245 0.4999245 -0.4999245 0.4999245 -2.5005285 2.5003775 0.27496375
}

004073b {; Anthony Hanmer 18/1/2007, Designed with BRAZIL
0.0000000 -0.5000000 -0.5000000 0.0000000 2.5000000 8.0000000 0.1500242
-0.5000000 -0.5000000 -0.5000000 0.0000000 2.5000000 8.0000000 0.1500242
0.0000000 0.5000000 0.5000000 0.0000000 0.5000000 8.0000000 0.1500242
0.4999245 -0.4999245 0.4999245 0.4999245 2.4996225 2.4994715 0.27496375
0.4999245 0.4999245 -0.4999245 0.4999245 -2.5005285 2.5003775 0.27496375
}

004074b {; Anthony Hanmer 18/1/2007, Designed with BRAZIL
0.0000000 -0.5000000 -0.5000000 0.0000000 2.5000000 8.0000000 0.1500242
-0.5000000 -0.5000000 -0.5000000 0.0000000 2.5000000 8.0000000 0.1500242
0.0000000 0.5000000 0.5000000 0.0000000 0.5000000 2.0000000 0.1500242
0.4999245 -0.4999245 0.4999245 0.4999245 2.4996225 2.4994715 0.27496375
0.4999245 0.4999245 -0.4999245 0.4999245 -2.5005285 2.5003775 0.27496375
}

004075b {; Anthony Hanmer 18/1/2007, Designed with BRAZIL
0.0000000 -0.5000000 -0.5000000 0.0000000 2.5000000 8.0000000 0.1500242
-0.5000000 -0.5000000 -0.5000000 0.0000000 2.5000000 8.0000000 0.1500242
0.0000000 0.5000000 0.5000000 0.0000000 -5.5000000 2.0000000 0.1500242
0.4999245 -0.4999245 0.4999245 0.4999245 2.4996225 2.4994715 0.27496375
0.4999245 0.4999245 -0.4999245 0.4999245 -2.5005285 2.5003775 0.27496375
}

004076b {; Anthony Hanmer 18/1/2007, Designed with BRAZIL
0.0000000 -0.5000000 -0.5000000 0.0000000 2.5000000 8.0000000 0.1500242
-0.5000000 -0.5000000 -0.5000000 0.0000000 2.5000000 8.0000000 0.1500242
0.0000000 -0.5000000 0.5000000 0.0000000 -0.5000000 2.0000000 0.1500242
0.4999245 -0.4999245 0.4999245 0.4999245 2.4996225 2.4994715 0.27496375
0.4999245 0.4999245 -0.4999245 0.4999245 -2.5005285 2.5003775 0.27496375
}

004077b {; Anthony Hanmer 18/1/2007, Designed with BRAZIL
0.0000000 -0.5000000 -0.5000000 0.0000000 2.5000000 8.0000000 0.1500242
-0.5000000 -0.5000000 -0.5000000 0.0000000 2.5000000 8.0000000 0.1500242
0.0000000 -0.5000000 0.5000000 0.0000000 5.5000000 2.0000000 0.1500242
0.4999245 -0.4999245 0.4999245 0.4999245 2.4996225 2.4994715 0.27496375
0.4999245 0.4999245 -0.4999245 0.4999245 -2.5005285 2.5003775 0.27496375
}

004078b {; Anthony Hanmer 18/1/2007, Designed with BRAZIL
0.0000000 -0.5000000 -0.5000000 0.0000000 2.5000000 8.0000000 0.1500242
-0.5000000 -0.5000000 -0.5000000 0.0000000 2.5000000 8.0000000 0.1500242
0.0000000 -0.5000000 0.5000000 0.0000000 5.5000000 8.0000000 0.1500242
0.4999245 -0.4999245 0.4999245 0.4999245 2.4996225 2.4994715 0.27496375
0.4999245 0.4999245 -0.4999245 0.4999245 -2.5005285 2.5003775 0.27496375
}

004079b {; Anthony Hanmer 18/1/2007, Designed with BRAZIL
0.0000000 -0.5000000 -0.5000000 0.0000000 2.5000000 8.0000000 0.1500242
-0.5000000 -0.5000000 -0.5000000 0.0000000 2.5000000 8.0000000 0.1500242
0.0000000 -0.5000000 0.5000000 0.0000000 -0.5000000 8.0000000 0.1500242
0.4999245 -0.4999245 0.4999245 0.4999245 2.4996225 2.4994715 0.27496375
0.4999245 0.4999245 -0.4999245 0.4999245 -2.5005285 2.5003775 0.27496375
}

004080b {; Anthony Hanmer 18/1/2007, Designed with BRAZIL
0.0000000 -0.5000000 -0.5000000 0.0000000 2.5000000 8.0000000 0.1500242
-0.5000000 -0.5000000 -0.5000000 0.0000000 2.5000000 8.0000000 0.1500242
0.0000000 -0.5000000 -0.5000000 0.0000000 -0.5000000 2.0000000 0.1500242
0.4999245 -0.4999245 0.4999245 0.4999245 2.4996225 2.4994715 0.27496375
0.4999245 0.4999245 -0.4999245 0.4999245 -2.5005285 2.5003775 0.27496375
}

004081b {; Anthony Hanmer 18/1/2007, Designed with BRAZIL
0.0000000 -0.5000000 -0.5000000 0.0000000 2.5000000 8.0000000 0.1500242
-0.5000000 -0.5000000 -0.5000000 0.0000000 2.5000000 8.0000000 0.1500242
0.0000000 -0.5000000 -0.5000000 0.0000000 5.5000000 2.0000000 0.1500242
0.4999245 -0.4999245 0.4999245 0.4999245 2.4996225 2.4994715 0.27496375
0.4999245 0.4999245 -0.4999245 0.4999245 -2.5005285 2.5003775 0.27496375
}

004082b {; Anthony Hanmer 18/1/2007, Designed with BRAZIL
0.0000000 -0.5000000 -0.5000000 0.0000000 2.5000000 8.0000000 0.1500242
-0.5000000 -0.5000000 -0.5000000 0.0000000 2.5000000 8.0000000 0.1500242
0.0000000 -0.5000000 -0.5000000 0.0000000 5.5000000 8.0000000 0.1500242
0.4999245 -0.4999245 0.4999245 0.4999245 2.4996225 2.4994715 0.27496375
0.4999245 0.4999245 -0.4999245 0.4999245 -2.5005285 2.5003775 0.27496375
}

004083b {; Anthony Hanmer 18/1/2007, Designed with BRAZIL
0.0000000 -0.5000000 -0.5000000 0.0000000 2.5000000 8.0000000 0.1500242
-0.5000000 -0.5000000 -0.5000000 0.0000000 2.5000000 8.0000000 0.1500242
0.0000000 -0.5000000 -0.5000000 0.0000000 -0.5000000 8.0000000 0.1500242
0.4999245 -0.4999245 0.4999245 0.4999245 2.4996225 2.4994715 0.27496375
0.4999245 0.4999245 -0.4999245 0.4999245 -2.5005285 2.5003775 0.27496375
}

004084b {; Anthony Hanmer 18/1/2007, Designed with BRAZIL
0.0000000 -0.5000000 -0.5000000 0.0000000 2.5000000 8.0000000 0.1500242
-0.5000000 -0.5000000 -0.5000000 0.0000000 2.5000000 8.0000000 0.1500242
0.6728164 0.0064108 0.0000000 0.3715724 -1.9566910 6.8955724 0.1500242
0.4999245 -0.4999245 0.4999245 0.4999245 2.4996225 2.4994715 0.27496375
0.4999245 0.4999245 -0.4999245 0.4999245 -2.5005285 2.5003775 0.27496375
}

004085b {; Anthony Hanmer 18/1/2007, Designed with BRAZIL
0.0000000 -0.5000000 -0.5000000 0.0000000 2.5000000 8.0000000 0.1500242
-0.5000000 -0.5000000 -0.5000000 0.0000000 2.5000000 8.0000000 0.1500242
0.6728164 0.0064108 0.0000000 0.3715724 1.8953090 6.8955724 0.1500242
0.4999245 -0.4999245 0.4999245 0.4999245 2.4996225 2.4994715 0.27496375
0.4999245 0.4999245 -0.4999245 0.4999245 -2.5005285 2.5003775 0.27496375
}

004086b {; Anthony Hanmer 18/1/2007, Designed with BRAZIL
0.0000000 -0.5000000 -0.5000000 0.0000000 2.5000000 8.0000000 0.1500242
-0.5000000 -0.5000000 -0.5000000 0.0000000 2.5000000 8.0000000 0.1500242
0.6728164 0.0064108 0.0000000 0.3715724 1.8953090 -0.6284276 0.1500242
0.4999245 -0.4999245 0.4999245 0.4999245 2.4996225 2.4994715 0.27496375
0.4999245 0.4999245 -0.4999245 0.4999245 -2.5005285 2.5003775 0.27496375
}

004087b {; Anthony Hanmer 18/1/2007, Designed with BRAZIL
0.0000000 -0.5000000 -0.5000000 0.0000000 2.5000000 8.0000000 0.1500242
-0.5000000 -0.5000000 -0.5000000 0.0000000 2.5000000 8.0000000 0.1500242
0.6728164 0.0064108 0.0000000 0.3715724 -1.9566910 -0.6284276 0.1500242
0.4999245 -0.4999245 0.4999245 0.4999245 2.4996225 2.4994715 0.27496375
0.4999245 0.4999245 -0.4999245 0.4999245 -2.5005285 2.5003775 0.27496375
}

004088b {; Anthony Hanmer 18/1/2007, Designed with BRAZIL
0.0000000 -0.5000000 -0.5000000 0.0000000 2.5000000 8.0000000 0.1500242
-0.5000000 -0.5000000 -0.5000000 0.0000000 2.5000000 8.0000000 0.1500242
-0.6728164 0.0064108 0.0000000 0.3715724 -1.9304874 -0.6284276 0.1500242
0.4999245 -0.4999245 0.4999245 0.4999245 2.4996225 2.4994715 0.27496375
0.4999245 0.4999245 -0.4999245 0.4999245 -2.5005285 2.5003775 0.27496375
}

004089b {; Anthony Hanmer 18/1/2007, Designed with BRAZIL
0.0000000 -0.5000000 -0.5000000 0.0000000 2.5000000 8.0000000 0.1500242
-0.5000000 -0.5000000 -0.5000000 0.0000000 2.5000000 8.0000000 0.1500242
-0.6728164 -0.0082518 0.0000000 0.3715724 1.9548501 -0.6284276 0.1500242
0.4999245 -0.4999245 0.4999245 0.4999245 2.4996225 2.4994715 0.27496375
0.4999245 0.4999245 -0.4999245 0.4999245 -2.5005285 2.5003775 0.27496375
}

004090b {; Anthony Hanmer 18/1/2007, Designed with BRAZIL
0.0000000 -0.5000000 -0.5000000 0.0000000 2.5000000 8.0000000 0.1500242
-0.5000000 -0.5000000 -0.5000000 0.0000000 2.5000000 8.0000000 0.1500242
-0.6728164 -0.0082518 0.0000000 0.3715724 1.9548501 6.9075724 0.1500242
0.4999245 -0.4999245 0.4999245 0.4999245 2.4996225 2.4994715 0.27496375
0.4999245 0.4999245 -0.4999245 0.4999245 -2.5005285 2.5003775 0.27496375
}

004091b {; Anthony Hanmer 18/1/2007, Designed with BRAZIL
0.0000000 -0.5000000 -0.5000000 0.0000000 2.5000000 8.0000000 0.1500242
-0.5000000 -0.5000000 -0.5000000 0.0000000 2.5000000 8.0000000 0.1500242
0.0000000 -0.3715724 0.6728164 0.0064108 -1.8955724 3.0433090 0.1500242
0.4999245 -0.4999245 0.4999245 0.4999245 2.4996225 2.4994715 0.27496375
0.4999245 0.4999245 -0.4999245 0.4999245 -2.5005285 2.5003775 0.27496375
}

004092b {; Anthony Hanmer 18/1/2007, Designed with BRAZIL
0.0000000 -0.5000000 -0.5000000 0.0000000 2.5000000 8.0000000 0.1500242
-0.5000000 -0.5000000 -0.5000000 0.0000000 2.5000000 8.0000000 0.1500242
