005997b {; Anthony Hanmer 18/1/2007, Designed with BRAZIL
0.5000000 0.0000000 0.0000000 0.5000000 -3.0000000 2.5000000 0.1500242
-0.5000000 -0.5000000 -0.5000000 0.0000000 2.5000000 8.0000000 0.1500242
0.0000000 0.3715724 0.6728164 0.0082518 -5.6284276 3.0451499 0.1500242
0.4999245 -0.4999245 0.4999245 0.4999245 2.4996225 2.4994715 0.27496375
0.4999245 0.4999245 -0.4999245 0.4999245 -2.5005285 2.5003775 0.27496375
}

005998b {; Anthony Hanmer 18/1/2007, Designed with BRAZIL
0.5000000 0.0000000 0.0000000 0.5000000 -3.0000000 2.5000000 0.1500242
-0.5000000 -0.5000000 -0.5000000 0.0000000 2.5000000 8.0000000 0.1500242
0.0000000 0.3715724 -0.6728164 0.0082518 -5.6284276 3.0353536 0.1500242
0.4999245 -0.4999245 0.4999245 0.4999245 2.4996225 2.4994715 0.27496375
0.4999245 0.4999245 -0.4999245 0.4999245 -2.5005285 2.5003775 0.27496375
}

005999b {; Anthony Hanmer 18/1/2007, Designed with BRAZIL
0.5000000 0.0000000 0.0000000 0.5000000 -3.0000000 2.5000000 0.1500242
-0.5000000 -0.5000000 -0.5000000 0.0000000 2.5000000 8.0000000 0.1500242
0.0000000 0.3715724 -0.6728164 0.0082518 1.9195724 3.0353536 0.1500242
0.4999245 -0.4999245 0.4999245 0.4999245 2.4996225 2.4994715 0.27496375
0.4999245 0.4999245 -0.4999245 0.4999245 -2.5005285 2.5003775 0.27496375
}

006000b {; Anthony Hanmer 18/1/2007, Designed with BRAZIL
-0.5000000 0.0000000 0.0000000 0.5000000 0.0000000 5.5000000 0.1500242
-0.5000000 -0.5000000 -0.5000000 0.0000000 2.5000000 8.0000000 0.1500242
0.6728164 0.0064108 0.0000000 0.3715724 -1.9566910 -0.6284276 0.1500242
0.4999245 -0.4999245 0.4999245 0.4999245 2.4996225 2.4994715 0.27496375
0.4999245 0.4999245 -0.4999245 0.4999245 -2.5005285 2.5003775 0.27496375
}

006001b {; Anthony Hanmer 18/1/2007, Designed with BRAZIL
-0.5000000 0.0000000 0.0000000 0.5000000 0.0000000 5.5000000 0.1500242
-0.5000000 -0.5000000 -0.5000000 0.0000000 2.5000000 8.0000000 0.1500242
0.5000000 -0.5000000 0.0000000 -0.5000000 2.5000000 4.5000000 0.1500242
0.4999245 -0.4999245 0.4999245 0.4999245 2.4996225 2.4994715 0.27496375
0.4999245 0.4999245 -0.4999245 0.4999245 -2.5005285 2.5003775 0.27496375
}

006002b {; Anthony Hanmer 18/1/2007, Designed with BRAZIL
-0.5000000 0.0000000 0.0000000 0.5000000 0.0000000 5.5000000 0.1500242
-0.5000000 -0.5000000 -0.5000000 0.0000000 2.5000000 8.0000000 0.1500242
0.5000000 0.5000000 0.0000000 -0.5000000 -2.5000000 4.5000000 0.1500242
0.4999245 -0.4999245 0.4999245 0.4999245 2.4996225 2.4994715 0.27496375
0.4999245 0.4999245 -0.4999245 0.4999245 -2.5005285 2.5003775 0.27496375
}

006003b {; Anthony Hanmer 18/1/2007, Designed with BRAZIL
-0.5000000 0.0000000 0.0000000 0.5000000 0.0000000 5.5000000 0.1500242
-0.5000000 -0.5000000 -0.5000000 0.0000000 2.5000000 8.0000000 0.1500242
0.5000000 0.5000000 0.5000000 0.0000000 -2.5000000 2.0000000 0.1500242
0.4999245 -0.4999245 0.4999245 0.4999245 2.4996225 2.4994715 0.27496375
0.4999245 0.4999245 -0.4999245 0.4999245 -2.5005285 2.5003775 0.27496375
}

006004b {; Anthony Hanmer 18/1/2007, Designed with BRAZIL
-0.5000000 0.0000000 0.0000000 0.5000000 0.0000000 5.5000000 0.1500242
-0.5000000 -0.5000000 -0.5000000 0.0000000 2.5000000 8.0000000 0.1500242
0.5000000 0.0000000 0.5000000 -0.5000000 -3.0000000 7.5000000 0.1500242
0.4999245 -0.4999245 0.4999245 0.4999245 2.4996225 2.4994715 0.27496375
0.4999245 0.4999245 -0.4999245 0.4999245 -2.5005285 2.5003775 0.27496375
}

006005b {; Anthony Hanmer 18/1/2007, Designed with BRAZIL
-0.5000000 0.0000000 0.0000000 0.5000000 0.0000000 5.5000000 0.1500242
-0.5000000 -0.5000000 -0.5000000 0.0000000 2.5000000 8.0000000 0.1500242
0.5000000 0.0000000 -0.5000000 -0.5000000 -3.0000000 7.5000000 0.1500242
0.4999245 -0.4999245 0.4999245 0.4999245 2.4996225 2.4994715 0.27496375
0.4999245 0.4999245 -0.4999245 0.4999245 -2.5005285 2.5003775 0.27496375
}

006006b {; Anthony Hanmer 18/1/2007, Designed with BRAZIL
-0.5000000 0.0000000 0.0000000 0.5000000 0.0000000 5.5000000 0.1500242
-0.5000000 -0.5000000 -0.5000000 0.0000000 2.5000000 8.0000000 0.1500242
0.5000000 0.0000000 -0.5000000 -0.5000000 3.0000000 7.5000000 0.1500242
0.4999245 -0.4999245 0.4999245 0.4999245 2.4996225 2.4994715 0.27496375
0.4999245 0.4999245 -0.4999245 0.4999245 -2.5005285 2.5003775 0.27496375
}

006007b {; Anthony Hanmer 18/1/2007, Designed with BRAZIL
-0.5000000 0.0000000 0.0000000 0.5000000 0.0000000 5.5000000 0.1500242
-0.5000000 -0.5000000 -0.5000000 0.0000000 2.5000000 8.0000000 0.1500242
0.5000000 -0.5000000 -0.5000000 0.0000000 2.5000000 8.0000000 0.1500242
0.4999245 -0.4999245 0.4999245 0.4999245 2.4996225 2.4994715 0.27496375
0.4999245 0.4999245 -0.4999245 0.4999245 -2.5005285 2.5003775 0.27496375
}

006008b {; Anthony Hanmer 18/1/2007, Designed with BRAZIL
-0.5000000 0.0000000 0.0000000 0.5000000 0.0000000 5.5000000 0.1500242
-0.5000000 -0.5000000 -0.5000000 0.0000000 2.5000000 8.0000000 0.1500242
0.5000000 -0.5000000 -0.5000000 0.0000000 2.5000000 2.0000000 0.1500242
0.4999245 -0.4999245 0.4999245 0.4999245 2.4996225 2.4994715 0.27496375
0.4999245 0.4999245 -0.4999245 0.4999245 -2.5005285 2.5003775 0.27496375
}

006009b {; Anthony Hanmer 18/1/2007, Designed with BRAZIL
-0.5000000 0.0000000 0.0000000 0.5000000 0.0000000 5.5000000 0.1500242
-0.5000000 -0.5000000 -0.5000000 0.0000000 2.5000000 8.0000000 0.1500242
-0.5000000 -0.5000000 0.0000000 -0.5000000 2.5000000 4.5000000 0.1500242
0.4999245 -0.4999245 0.4999245 0.4999245 2.4996225 2.4994715 0.27496375
0.4999245 0.4999245 -0.4999245 0.4999245 -2.5005285 2.5003775 0.27496375
}

006010b {; Anthony Hanmer 18/1/2007, Designed with BRAZIL
-0.5000000 0.0000000 0.0000000 0.5000000 0.0000000 5.5000000 0.1500242
-0.5000000 -0.5000000 -0.5000000 0.0000000 2.5000000 8.0000000 0.1500242
-0.5000000 -0.5000000 0.0000000 -0.5000000 2.5000000 10.5000000 0.1500242
0.4999245 -0.4999245 0.4999245 0.4999245 2.4996225 2.4994715 0.27496375
0.4999245 0.4999245 -0.4999245 0.4999245 -2.5005285 2.5003775 0.27496375
}

006011b {; Anthony Hanmer 18/1/2007, Designed with BRAZIL
-0.5000000 0.0000000 0.0000000 0.5000000 0.0000000 5.5000000 0.1500242
-0.5000000 -0.5000000 -0.5000000 0.0000000 2.5000000 8.0000000 0.1500242
-0.5000000 0.5000000 0.0000000 0.5000000 -2.5000000 5.5000000 0.1500242
0.4999245 -0.4999245 0.4999245 0.4999245 2.4996225 2.4994715 0.27496375
0.4999245 0.4999245 -0.4999245 0.4999245 -2.5005285 2.5003775 0.27496375
}

006012b {; Anthony Hanmer 18/1/2007, Designed with BRAZIL
-0.5000000 0.0000000 0.0000000 0.5000000 0.0000000 5.5000000 0.1500242
-0.5000000 -0.5000000 -0.5000000 0.0000000 2.5000000 8.0000000 0.1500242
-0.5000000 0.5000000 0.0000000 0.5000000 -2.5000000 -0.5000000 0.1500242
0.4999245 -0.4999245 0.4999245 0.4999245 2.4996225 2.4994715 0.27496375
0.4999245 0.4999245 -0.4999245 0.4999245 -2.5005285 2.5003775 0.27496375
}

006013b {; Anthony Hanmer 18/1/2007, Designed with BRAZIL
-0.5000000 0.0000000 0.0000000 0.5000000 0.0000000 5.5000000 0.1500242
-0.5000000 -0.5000000 -0.5000000 0.0000000 2.5000000 8.0000000 0.1500242
0.5000000 0.5000000 0.0000000 0.5000000 -2.5000000 -0.5000000 0.1500242
0.4999245 -0.4999245 0.4999245 0.4999245 2.4996225 2.4994715 0.27496375
0.4999245 0.4999245 -0.4999245 0.4999245 -2.5005285 2.5003775 0.27496375
}

006014b {; Anthony Hanmer 18/1/2007, Designed with BRAZIL
-0.5000000 0.0000000 0.0000000 0.5000000 0.0000000 5.5000000 0.1500242
-0.5000000 -0.5000000 -0.5000000 0.0000000 2.5000000 8.0000000 0.1500242
0.5000000 0.5000000 0.0000000 0.5000000 -2.5000000 5.5000000 0.1500242
0.4999245 -0.4999245 0.4999245 0.4999245 2.4996225 2.4994715 0.27496375
0.4999245 0.4999245 -0.4999245 0.4999245 -2.5005285 2.5003775 0.27496375
}

006015b {; Anthony Hanmer 18/1/2007, Designed with BRAZIL
-0.5000000 0.0000000 0.0000000 0.5000000 0.0000000 5.5000000 0.1500242
-0.5000000 -0.5000000 -0.5000000 0.0000000 2.5000000 8.0000000 0.1500242
0.0000000 -0.5000000 -0.5000000 0.5000000 -0.5000000 2.5000000 0.1500242
0.4999245 -0.4999245 0.4999245 0.4999245 2.4996225 2.4994715 0.27496375
0.4999245 0.4999245 -0.4999245 0.4999245 -2.5005285 2.5003775 0.27496375
}

006016b {; Anthony Hanmer 18/1/2007, Designed with BRAZIL
-0.5000000 0.0000000 0.0000000 0.5000000 0.0000000 5.5000000 0.1500242
-0.5000000 -0.5000000 -0.5000000 0.0000000 2.5000000 8.0000000 0.1500242
0.0000000 -0.5000000 -0.5000000 0.5000000 5.5000000 2.5000000 0.1500242
0.4999245 -0.4999245 0.4999245 0.4999245 2.4996225 2.4994715 0.27496375
0.4999245 0.4999245 -0.4999245 0.4999245 -2.5005285 2.5003775 0.27496375
}

006017b {; Anthony Hanmer 18/1/2007, Designed with BRAZIL
-0.5000000 0.0000000 0.0000000 0.5000000 0.0000000 5.5000000 0.1500242
-0.5000000 -0.5000000 -0.5000000 0.0000000 2.5000000 8.0000000 0.1500242
0.0000000 -0.5000000 0.5000000 0.5000000 5.5000000 2.5000000 0.1500242
0.4999245 -0.4999245 0.4999245 0.4999245 2.4996225 2.4994715 0.27496375
0.4999245 0.4999245 -0.4999245 0.4999245 -2.5005285 2.5003775 0.27496375
}

006018b {; Anthony Hanmer 18/1/2007, Designed with BRAZIL
-0.5000000 0.0000000 0.0000000 0.5000000 0.0000000 5.5000000 0.1500242
-0.5000000 -0.5000000 -0.5000000 0.0000000 2.5000000 8.0000000 0.1500242
0.0000000 -0.5000000 0.5000000 0.5000000 -0.5000000 2.5000000 0.1500242
0.4999245 -0.4999245 0.4999245 0.4999245 2.4996225 2.4994715 0.27496375
0.4999245 0.4999245 -0.4999245 0.4999245 -2.5005285 2.5003775 0.27496375
}

006019b {; Anthony Hanmer 18/1/2007, Designed with BRAZIL
-0.5000000 0.0000000 0.0000000 0.5000000 0.0000000 5.5000000 0.1500242
-0.5000000 -0.5000000 -0.5000000 0.0000000 2.5000000 8.0000000 0.1500242
0.0000000 0.5000000 0.5000000 -0.5000000 0.5000000 7.5000000 0.1500242
0.4999245 -0.4999245 0.4999245 0.4999245 2.4996225 2.4994715 0.27496375
0.4999245 0.4999245 -0.4999245 0.4999245 -2.5005285 2.5003775 0.27496375
}

006020b {; Anthony Hanmer 18/1/2007, Designed with BRAZIL
-0.5000000 0.0000000 0.0000000 0.5000000 0.0000000 5.5000000 0.1500242
-0.5000000 -0.5000000 -0.5000000 0.0000000 2.5000000 8.0000000 0.1500242
0.0000000 0.5000000 0.5000000 -0.5000000 -5.5000000 7.5000000 0.1500242
0.4999245 -0.4999245 0.4999245 0.4999245 2.4996225 2.4994715 0.27496375
0.4999245 0.4999245 -0.4999245 0.4999245 -2.5005285 2.5003775 0.27496375
}

006021b {; Anthony Hanmer 18/1/2007, Designed with BRAZIL
-0.5000000 0.0000000 0.0000000 0.5000000 0.0000000 5.5000000 0.1500242
-0.5000000 -0.5000000 -0.5000000 0.0000000 2.5000000 8.0000000 0.1500242
0.0000000 0.5000000 -0.5000000 -0.5000000 -5.5000000 7.5000000 0.1500242
0.4999245 -0.4999245 0.4999245 0.4999245 2.4996225 2.4994715 0.27496375
0.4999245 0.4999245 -0.4999245 0.4999245 -2.5005285 2.5003775 0.27496375
}

006022b {; Anthony Hanmer 18/1/2007, Designed with BRAZIL
-0.5000000 0.0000000 0.0000000 0.5000000 0.0000000 5.5000000 0.1500242
-0.5000000 -0.5000000 -0.5000000 0.0000000 2.5000000 8.0000000 0.1500242
0.0000000 0.5000000 -0.5000000 -0.5000000 0.5000000 7.5000000 0.1500242
0.4999245 -0.4999245 0.4999245 0.4999245 2.4996225 2.4994715 0.27496375
0.4999245 0.4999245 -0.4999245 0.4999245 -2.5005285 2.5003775 0.27496375
}

006023b {; Anthony Hanmer 18/1/2007, Designed with BRAZIL
-0.5000000 0.0000000 0.0000000 0.5000000 0.0000000 5.5000000 0.1500242
-0.5000000 -0.5000000 -0.5000000 0.0000000 2.5000000 8.0000000 0.1500242
-0.5000000 0.5000000 0.0000000 0.5000000 -2.5000000 5.5000000 0.1500242
0.4999245 -0.4999245 0.4999245 0.4999245 2.4996225 2.4994715 0.27496375
0.4999245 0.4999245 -0.4999245 0.4999245 -2.5005285 2.5003775 0.27496375
}

006024b {; Anthony Hanmer 18/1/2007, Designed with BRAZIL
-0.5000000 0.0000000 0.0000000 0.5000000 0.0000000 5.5000000 0.1500242
-0.5000000 -0.5000000 -0.5000000 0.0000000 2.5000000 8.0000000 0.1500242
-0.5000000 -0.5000000 0.5000000 0.0000000 2.5000000 8.0000000 0.1500242
0.4999245 -0.4999245 0.4999245 0.4999245 2.4996225 2.4994715 0.27496375
0.4999245 0.4999245 -0.4999245 0.4999245 -2.5005285 2.5003775 0.27496375
}

006025b {; Anthony Hanmer 18/1/2007, Designed with BRAZIL
-0.5000000 0.0000000 0.0000000 0.5000000 0.0000000 5.5000000 0.1500242
-0.5000000 -0.5000000 -0.5000000 0.0000000 2.5000000 8.0000000 0.1500242
-0.5000000 -0.5000000 0.5000000 0.0000000 2.5000000 2.0000000 0.1500242
0.4999245 -0.4999245 0.4999245 0.4999245 2.4996225 2.4994715 0.27496375
0.4999245 0.4999245 -0.4999245 0.4999245 -2.5005285 2.5003775 0.27496375
}

006026b {; Anthony Hanmer 18/1/2007, Designed with BRAZIL
-0.5000000 0.0000000 0.0000000 0.5000000 0.0000000 5.5000000 0.1500242
-0.5000000 -0.5000000 -0.5000000 0.0000000 2.5000000 8.0000000 0.1500242
-0.6728164 0.0064108 0.0000000 0.3715724 -1.9304874 -0.6284276 0.1500242
0.4999245 -0.4999245 0.4999245 0.4999245 2.4996225 2.4994715 0.27496375
0.4999245 0.4999245 -0.4999245 0.4999245 -2.5005285 2.5003775 0.27496375
}

006027b {; Anthony Hanmer 18/1/2007, Designed with BRAZIL
-0.5000000 0.0000000 0.0000000 0.5000000 0.0000000 5.5000000 0.1500242
-0.5000000 -0.5000000 -0.5000000 0.0000000 2.5000000 8.0000000 0.1500242
0.5000000 -0.5000000 -0.5000000 0.0000000 2.5000000 8.0000000 0.1500242
0.4999245 -0.4999245 0.4999245 0.4999245 2.4996225 2.4994715 0.27496375
0.4999245 0.4999245 -0.4999245 0.4999245 -2.5005285 2.5003775 0.27496375
}

006028b {; Anthony Hanmer 18/1/2007, Designed with BRAZIL
-0.5000000 0.0000000 0.0000000 0.5000000 0.0000000 5.5000000 0.1500242
-0.5000000 -0.5000000 -0.5000000 0.0000000 2.5000000 8.0000000 0.1500242
0.5000000 0.5000000 -0.5000000 0.0000000 -2.5000000 8.0000000 0.1500242
0.4999245 -0.4999245 0.4999245 0.4999245 2.4996225 2.4994715 0.27496375
0.4999245 0.4999245 -0.4999245 0.4999245 -2.5005285 2.5003775 0.27496375
}

006029b {; Anthony Hanmer 18/1/2007, Designed with BRAZIL
-0.5000000 0.0000000 0.0000000 0.5000000 0.0000000 5.5000000 0.1500242
-0.5000000 -0.5000000 -0.5000000 0.0000000 2.5000000 8.0000000 0.1500242
0.5000000 0.5000000 -0.5000000 0.0000000 -2.5000000 2.0000000 0.1500242
0.4999245 -0.4999245 0.4999245 0.4999245 2.4996225 2.4994715 0.27496375
0.4999245 0.4999245 -0.4999245 0.4999245 -2.5005285 2.5003775 0.27496375
}

006030b {; Anthony Hanmer 18/1/2007, Designed with BRAZIL
-0.5000000 0.0000000 0.0000000 0.5000000 0.0000000 5.5000000 0.1500242
-0.5000000 -0.5000000 -0.5000000 0.0000000 2.5000000 8.0000000 0.1500242
-0.5000000 0.5000000 0.5000000 0.0000000 -2.5000000 8.0000000 0.1500242
0.4999245 -0.4999245 0.4999245 0.4999245 2.4996225 2.4994715 0.27496375
0.4999245 0.4999245 -0.4999245 0.4999245 -2.5005285 2.5003775 0.27496375
}

006031b {; Anthony Hanmer 18/1/2007, Designed with BRAZIL
-0.5000000 0.0000000 0.0000000 0.5000000 0.0000000 5.5000000 0.1500242
-0.5000000 -0.5000000 -0.5000000 0.0000000 2.5000000 8.0000000 0.1500242
-0.5000000 0.5000000 0.5000000 0.0000000 -2.5000000 2.0000000 0.1500242
0.4999245 -0.4999245 0.4999245 0.4999245 2.4996225 2.4994715 0.27496375
0.4999245 0.4999245 -0.4999245 0.4999245 -2.5005285 2.5003775 0.27496375
}

006032b {; Anthony Hanmer 18/1/2007, Designed with BRAZIL
-0.5000000 0.0000000 0.0000000 0.5000000 0.0000000 5.5000000 0.1500242
-0.5000000 -0.5000000 -0.5000000 0.0000000 2.5000000 8.0000000 0.1500242
-0.5000000 0.0000000 -0.5000000 -0.5000000 3.0000000 7.5000000 0.1500242
0.4999245 -0.4999245 0.4999245 0.4999245 2.4996225 2.4994715 0.27496375
0.4999245 0.4999245 -0.4999245 0.4999245 -2.5005285 2.5003775 0.27496375
}

006033b {; Anthony Hanmer 18/1/2007, Designed with BRAZIL
-0.5000000 0.0000000 0.0000000 0.5000000 0.0000000 5.5000000 0.1500242
-0.5000000 -0.5000000 -0.5000000 0.0000000 2.5000000 8.0000000 0.1500242
-0.5000000 0.0000000 -0.5000000 -0.5000000 -3.0000000 7.5000000 0.1500242
0.4999245 -0.4999245 0.4999245 0.4999245 2.4996225 2.4994715 0.27496375
0.4999245 0.4999245 -0.4999245 0.4999245 -2.5005285 2.5003775 0.27496375
}

006034b {; Anthony Hanmer 18/1/2007, Designed with BRAZIL
-0.5000000 0.0000000 0.0000000 0.5000000 0.0000000 5.5000000 0.1500242
-0.5000000 -0.5000000 -0.5000000 0.0000000 2.5000000 8.0000000 0.1500242
0.5000000 0.0000000 0.5000000 -0.5000000 3.0000000 7.5000000 0.1500242
0.4999245 -0.4999245 0.4999245 0.4999245 2.4996225 2.4994715 0.27496375
0.4999245 0.4999245 -0.4999245 0.4999245 -2.5005285 2.5003775 0.27496375
}

006035b {; Anthony Hanmer 18/1/2007, Designed with BRAZIL
-0.5000000 0.0000000 0.0000000 0.5000000 0.0000000 5.5000000 0.1500242
-0.5000000 -0.5000000 -0.5000000 0.0000000 2.5000000 8.0000000 0.1500242
0.5000000 0.0000000 0.5000000 -0.5000000 -3.0000000 7.5000000 0.1500242
0.4999245 -0.4999245 0.4999245 0.4999245 2.4996225 2.4994715 0.27496375
0.4999245 0.4999245 -0.4999245 0.4999245 -2.5005285 2.5003775 0.27496375
}

006036b {; Anthony Hanmer 18/1/2007, Designed with BRAZIL
-0.5000000 0.0000000 0.0000000 0.5000000 0.0000000 5.5000000 0.1500242
-0.5000000 -0.5000000 -0.5000000 0.0000000 2.5000000 8.0000000 0.1500242
0.5000000 0.0000000 0.5000000 0.5000000 -3.0000000 2.5000000 0.1500242
0.4999245 -0.4999245 0.4999245 0.4999245 2.4996225 2.4994715 0.27496375
0.4999245 0.4999245 -0.4999245 0.4999245 -2.5005285 2.5003775 0.27496375
}

006037b {; Anthony Hanmer 18/1/2007, Designed with BRAZIL
-0.5000000 0.0000000 0.0000000 0.5000000 0.0000000 5.5000000 0.1500242
-0.5000000 -0.5000000 -0.5000000 0.0000000 2.5000000 8.0000000 0.1500242
0.5000000 0.0000000 0.5000000 0.5000000 3.0000000 2.5000000 0.1500242
0.4999245 -0.4999245 0.4999245 0.4999245 2.4996225 2.4994715 0.27496375
0.4999245 0.4999245 -0.4999245 0.4999245 -2.5005285 2.5003775 0.27496375
}

006038b {; Anthony Hanmer 18/1/2007, Designed with BRAZIL
-0.5000000 0.0000000 0.0000000 0.5000000 0.0000000 5.5000000 0.1500242
-0.5000000 -0.5000000 -0.5000000 0.0000000 2.5000000 8.0000000 0.1500242
-0.5000000 0.0000000 -0.5000000 0.5000000 -3.0000000 2.5000000 0.1500242
0.4999245 -0.4999245 0.4999245 0.4999245 2.4996225 2.4994715 0.27496375
0.4999245 0.4999245 -0.4999245 0.4999245 -2.5005285 2.5003775 0.27496375
}

006039b {; Anthony Hanmer 18/1/2007, Designed with BRAZIL
-0.5000000 0.0000000 0.0000000 0.5000000 0.0000000 5.5000000 0.1500242
-0.5000000 -0.5000000 -0.5000000 0.0000000 2.5000000 8.0000000 0.1500242
-0.5000000 0.0000000 -0.5000000 0.5000000 3.0000000 2.5000000 0.1500242
0.4999245 -0.4999245 0.4999245 0.4999245 2.4996225 2.4994715 0.27496375
0.4999245 0.4999245 -0.4999245 0.4999245 -2.5005285 2.5003775 0.27496375
}

006040b {; Anthony Hanmer 18/1/2007, Designed with BRAZIL
-0.5000000 0.0000000 0.0000000 0.5000000 0.0000000 5.5000000 0.1500242
-0.5000000 -0.5000000 -0.5000000 0.0000000 2.5000000 8.0000000 0.1500242
0.0000000 0.3715724 -0.6728164 0.0082518 -5.6284276 3.0353536 0.1500242
0.4999245 -0.4999245 0.4999245 0.4999245 2.4996225 2.4994715 0.27496375
0.4999245 0.4999245 -0.4999245 0.4999245 -2.5005285 2.5003775 0.27496375
}

006041b {; Anthony Hanmer 18/1/2007, Designed with BRAZIL
-0.5000000 0.0000000 0.0000000 0.5000000 0.0000000 5.5000000 0.1500242
-0.5000000 -0.5000000 -0.5000000 0.0000000 2.5000000 8.0000000 0.1500242
-0.5000000 0.0000000 0.5000000 -0.5000000 -3.0000000 7.5000000 0.1500242
0.4999245 -0.4999245 0.4999245 0.4999245 2.4996225 2.4994715 0.27496375
0.4999245 0.4999245 -0.4999245 0.4999245 -2.5005285 2.5003775 0.27496375
}

006042b {; Anthony Hanmer 18/1/2007, Designed with BRAZIL
-0.5000000 0.0000000 0.0000000 0.5000000 0.0000000 5.5000000 0.1500242
-0.5000000 -0.5000000 -0.5000000 0.0000000 2.5000000 8.0000000 0.1500242
-0.5000000 0.0000000 0.5000000 -0.5000000 3.0000000 7.5000000 0.1500242
0.4999245 -0.4999245 0.4999245 0.4999245 2.4996225 2.4994715 0.27496375
0.4999245 0.4999245 -0.4999245 0.4999245 -2.5005285 2.5003775 0.27496375
}

006043b {; Anthony Hanmer 18/1/2007, Designed with BRAZIL
-0.5000000 0.0000000 0.0000000 0.5000000 0.0000000 5.5000000 0.1500242
-0.5000000 -0.5000000 -0.5000000 0.0000000 2.5000000 8.0000000 0.1500242
0.5000000 0.0000000 -0.5000000 -0.5000000 3.0000000 7.5000000 0.1500242
0.4999245 -0.4999245 0.4999245 0.4999245 2.4996225 2.4994715 0.27496375
0.4999245 0.4999245 -0.4999245 0.4999245 -2.5005285 2.5003775 0.27496375
}

006044b {; Anthony Hanmer 18/1/2007, Designed with BRAZIL
-0.5000000 0.0000000 0.0000000 0.5000000 0.0000000 5.5000000 0.1500242
-0.5000000 -0.5000000 -0.5000000 0.0000000 2.5000000 8.0000000 0.1500242
0.5000000 0.0000000 -0.5000000 0.5000000 -3.0000000 2.5000000 0.1500242
0.4999245 -0.4999245 0.4999245 0.4999245 2.4996225 2.4994715 0.27496375
0.4999245 0.4999245 -0.4999245 0.4999245 -2.5005285 2.5003775 0.27496375
}

006045b {; Anthony Hanmer 18/1/2007, Designed with BRAZIL
-0.5000000 0.0000000 0.0000000 0.5000000 0.0000000 5.5000000 0.1500242
-0.5000000 -0.5000000 -0.5000000 0.0000000 2.5000000 8.0000000 0.1500242
0.5000000 0.0000000 -0.5000000 0.5000000 3.0000000 2.5000000 0.1500242
0.4999245 -0.4999245 0.4999245 0.4999245 2.4996225 2.4994715 0.27496375
0.4999245 0.4999245 -0.4999245 0.4999245 -2.5005285 2.5003775 0.27496375
}

006046b {; Anthony Hanmer 18/1/2007, Designed with BRAZIL
-0.5000000 0.0000000 0.0000000 0.5000000 0.0000000 5.5000000 0.1500242
-0.5000000 -0.5000000 -0.5000000 0.0000000 2.5000000 8.0000000 0.1500242
-0.5000000 0.0000000 0.5000000 0.5000000 -3.0000000 2.5000000 0.1500242
0.4999245 -0.4999245 0.4999245 0.4999245 2.4996225 2.4994715 0.27496375
0.4999245 0.4999245 -0.4999245 0.4999245 -2.5005285 2.5003775 0.27496375
}

006047b {; Anthony Hanmer 18/1/2007, Designed with BRAZIL
-0.5000000 0.0000000 0.0000000 0.5000000 0.0000000 5.5000000 0.1500242
-0.5000000 -0.5000000 -0.5000000 0.0000000 2.5000000 8.0000000 0.1500242
-0.5000000 0.0000000 0.5000000 0.5000000 3.0000000 2.5000000 0.1500242
0.4999245 -0.4999245 0.4999245 0.4999245 2.4996225 2.4994715 0.27496375
0.4999245 0.4999245 -0.4999245 0.4999245 -2.5005285 2.5003775 0.27496375
}

006048b {; Anthony Hanmer 18/1/2007, Designed with BRAZIL
-0.5000000 0.0000000 0.0000000 0.5000000 0.0000000 5.5000000 0.1500242
-0.5000000 -0.5000000 -0.5000000 0.0000000 2.5000000 8.0000000 0.1500242
-0.5000000 -0.5000000 -0.5000000 0.0000000 2.5000000 2.0000000 0.1500242
0.4999245 -0.4999245 0.4999245 0.4999245 2.4996225 2.4994715 0.27496375
0.4999245 0.4999245 -0.4999245 0.4999245 -2.5005285 2.5003775 0.27496375
}

006049b {; Anthony Hanmer 18/1/2007, Designed with BRAZIL
-0.5000000 0.0000000 0.0000000 0.5000000 0.0000000 5.5000000 0.1500242
-0.5000000 -0.5000000 -0.5000000 0.0000000 2.5000000 8.0000000 0.1500242
-0.5000000 -0.5000000 -0.5000000 0.0000000 2.5000000 8.0000000 0.1500242
0.4999245 -0.4999245 0.4999245 0.4999245 2.4996225 2.4994715 0.27496375
0.4999245 0.4999245 -0.4999245 0.4999245 -2.5005285 2.5003775 0.27496375
}

006050b {; Anthony Hanmer 18/1/2007, Designed with BRAZIL
-0.5000000 0.0000000 0.0000000 0.5000000 0.0000000 5.5000000 0.1500242
-0.5000000 -0.5000000 -0.5000000 0.0000000 2.5000000 8.0000000 0.1500242
0.5000000 0.5000000 0.5000000 0.0000000 -2.5000000 8.0000000 0.1500242
0.4999245 -0.4999245 0.4999245 0.4999245 2.4996225 2.4994715 0.27496375
0.4999245 0.4999245 -0.4999245 0.4999245 -2.5005285 2.5003775 0.27496375
}

006051b {; Anthony Hanmer 18/1/2007, Designed with BRAZIL
-0.5000000 0.0000000 0.0000000 0.5000000 0.0000000 5.5000000 0.1500242
-0.5000000 -0.5000000 -0.5000000 0.0000000 2.5000000 8.0000000 0.1500242
0.5000000 -0.5000000 0.5000000 0.0000000 2.5000000 2.0000000 0.1500242
0.4999245 -0.4999245 0.4999245 0.4999245 2.4996225 2.4994715 0.27496375
0.4999245 0.4999245 -0.4999245 0.4999245 -2.5005285 2.5003775 0.27496375
}

006052b {; Anthony Hanmer 18/1/2007, Designed with BRAZIL
-0.5000000 0.0000000 0.0000000 0.5000000 0.0000000 5.5000000 0.1500242
-0.5000000 -0.5000000 -0.5000000 0.0000000 2.5000000 8.0000000 0.1500242
-0.5000000 0.0000000 0.0000000 -0.5000000 -3.0000000 4.5000000 0.1500242
0.4999245 -0.4999245 0.4999245 0.4999245 2.4996225 2.4994715 0.27496375
0.4999245 0.4999245 -0.4999245 0.4999245 -2.5005285 2.5003775 0.27496375
}

006053b {; Anthony Hanmer 18/1/2007, Designed with BRAZIL
-0.5000000 0.0000000 0.0000000 0.5000000 0.0000000 5.5000000 0.1500242
-0.5000000 -0.5000000 -0.5000000 0.0000000 2.5000000 8.0000000 0.1500242
-0.5000000 0.0000000 0.0000000 -0.5000000 3.0000000 4.5000000 0.1500242
0.4999245 -0.4999245 0.4999245 0.4999245 2.4996225 2.4994715 0.27496375
0.4999245 0.4999245 -0.4999245 0.4999245 -2.5005285 2.5003775 0.27496375
}

006054b {; Anthony Hanmer 18/1/2007, Designed with BRAZIL
-0.5000000 0.0000000 0.0000000 0.5000000 0.0000000 5.5000000 0.1500242
-0.5000000 -0.5000000 -0.5000000 0.0000000 2.5000000 8.0000000 0.1500242
-0.5000000 0.0000000 0.0000000 -0.5000000 3.0000000 10.5000000 0.1500242
0.4999245 -0.4999245 0.4999245 0.4999245 2.4996225 2.4994715 0.27496375
0.4999245 0.4999245 -0.4999245 0.4999245 -2.5005285 2.5003775 0.27496375
}

006055b {; Anthony Hanmer 18/1/2007, Designed with BRAZIL
-0.5000000 0.0000000 0.0000000 0.5000000 0.0000000 5.5000000 0.1500242
-0.5000000 -0.5000000 -0.5000000 0.0000000 2.5000000 8.0000000 0.1500242
-0.5000000 0.0000000 0.0000000 -0.5000000 -3.0000000 10.5000000 0.1500242
0.4999245 -0.4999245 0.4999245 0.4999245 2.4996225 2.4994715 0.27496375
0.4999245 0.4999245 -0.4999245 0.4999245 -2.5005285 2.5003775 0.27496375
}

006056b {; Anthony Hanmer 18/1/2007, Designed with BRAZIL
-0.5000000 0.0000000 0.0000000 0.5000000 0.0000000 5.5000000 0.1500242
-0.5000000 -0.5000000 -0.5000000 0.0000000 2.5000000 8.0000000 0.1500242
0.5000000 0.0000000 0.0000000 -0.5000000 3.0000000 10.5000000 0.1500242
0.4999245 -0.4999245 0.4999245 0.4999245 2.4996225 2.4994715 0.27496375
0.4999245 0.4999245 -0.4999245 0.4999245 -2.5005285 2.5003775 0.27496375
}

006057b {; Anthony Hanmer 18/1/2007, Designed with BRAZIL
-0.5000000 0.0000000 0.0000000 0.5000000 0.0000000 5.5000000 0.1500242
-0.5000000 -0.5000000 -0.5000000 0.0000000 2.5000000 8.0000000 0.1500242
0.5000000 0.0000000 0.0000000 -0.5000000 3.0000000 4.5000000 0.1500242
0.4999245 -0.4999245 0.4999245 0.4999245 2.4996225 2.4994715 0.27496375
0.4999245 0.4999245 -0.4999245 0.4999245 -2.5005285 2.5003775 0.27496375
}

006058b {; Anthony Hanmer 18/1/2007, Designed with BRAZIL
-0.5000000 0.0000000 0.0000000 0.5000000 0.0000000 5.5000000 0.1500242
-0.5000000 -0.5000000 -0.5000000 0.0000000 2.5000000 8.0000000 0.1500242
0.5000000 0.0000000 0.0000000 -0.5000000 -3.0000000 4.5000000 0.1500242
0.4999245 -0.4999245 0.4999245 0.4999245 2.4996225 2.4994715 0.27496375
0.4999245 0.4999245 -0.4999245 0.4999245 -2.5005285 2.5003775 0.27496375
}

006059b {; Anthony Hanmer 18/1/2007, Designed with BRAZIL
-0.5000000 0.0000000 0.0000000 0.5000000 0.0000000 5.5000000 0.1500242
-0.5000000 -0.5000000 -0.5000000 0.0000000 2.5000000 8.0000000 0.1500242
0.5000000 0.0000000 0.0000000 -0.5000000 -3.0000000 10.5000000 0.1500242
0.4999245 -0.4999245 0.4999245 0.4999245 2.4996225 2.4994715 0.27496375
0.4999245 0.4999245 -0.4999245 0.4999245 -2.5005285 2.5003775 0.27496375
}

006060b {; Anthony Hanmer 18/1/2007, Designed with BRAZIL
-0.5000000 0.0000000 0.0000000 0.5000000 0.0000000 5.5000000 0.1500242
-0.5000000 -0.5000000 -0.5000000 0.0000000 2.5000000 8.0000000 0.1500242
-0.5000000 0.0000000 0.0000000 0.5000000 -3.0000000 5.5000000 0.1500242
0.4999245 -0.4999245 0.4999245 0.4999245 2.4996225 2.4994715 0.27496375
0.4999245 0.4999245 -0.4999245 0.4999245 -2.5005285 2.5003775 0.27496375
}

006061b {; Anthony Hanmer 18/1/2007, Designed with BRAZIL
-0.5000000 0.0000000 0.0000000 0.5000000 0.0000000 5.5000000 0.1500242
-0.5000000 -0.5000000 -0.5000000 0.0000000 2.5000000 8.0000000 0.1500242
-0.5000000 0.0000000 0.0000000 0.5000000 3.0000000 5.5000000 0.1500242
0.4999245 -0.4999245 0.4999245 0.4999245 2.4996225 2.4994715 0.27496375
0.4999245 0.4999245 -0.4999245 0.4999245 -2.5005285 2.5003775 0.27496375
}

006062b {; Anthony Hanmer 18/1/2007, Designed with BRAZIL
-0.5000000 0.0000000 0.0000000 0.5000000 0.0000000 5.5000000 0.1500242
-0.5000000 -0.5000000 -0.5000000 0.0000000 2.5000000 8.0000000 0.1500242
-0.5000000 0.0000000 0.0000000 0.5000000 3.0000000 -0.5000000 0.1500242
0.4999245 -0.4999245 0.4999245 0.4999245 2.4996225 2.4994715 0.27496375
0.4999245 0.4999245 -0.4999245 0.4999245 -2.5005285 2.5003775 0.27496375
}

006063b {; Anthony Hanmer 18/1/2007, Designed with BRAZIL
-0.5000000 0.0000000 0.0000000 0.5000000 0.0000000 5.5000000 0.1500242
-0.5000000 -0.5000000 -0.5000000 0.0000000 2.5000000 8.0000000 0.1500242
-0.5000000 0.0000000 0.0000000 0.5000000 -3.0000000 -0.5000000 0.1500242
0.4999245 -0.4999245 0.4999245 0.4999245 2.4996225 2.4994715 0.27496375
0.4999245 0.4999245 -0.4999245 0.4999245 -2.5005285 2.5003775 0.27496375
}

006064b {; Anthony Hanmer 18/1/2007, Designed with BRAZIL
-0.5000000 0.0000000 0.0000000 0.5000000 0.0000000 5.5000000 0.1500242
-0.5000000 -0.5000000 -0.5000000 0.0000000 2.5000000 8.0000000 0.1500242
0.5000000 0.0000000 0.0000000 0.5000000 3.0000000 -0.5000000 0.1500242
0.4999245 -0.4999245 0.4999245 0.4999245 2.4996225 2.4994715 0.27496375
0.4999245 0.4999245 -0.4999245 0.4999245 -2.5005285 2.5003775 0.27496375
}

006065b {; Anthony Hanmer 18/1/2007, Designed with BRAZIL
-0.5000000 0.0000000 0.0000000 0.5000000 0.0000000 5.5000000 0.1500242
-0.5000000 -0.5000000 -0.5000000 0.0000000 2.5000000 8.0000000 0.1500242
0.5000000 0.0000000 0.0000000 0.5000000 3.0000000 5.5000000 0.1500242
0.4999245 -0.4999245 0.4999245 0.4999245 2.4996225 2.4994715 0.27496375
0.4999245 0.4999245 -0.4999245 0.4999245 -2.5005285 2.5003775 0.27496375
}

006066b {; Anthony Hanmer 18/1/2007, Designed with BRAZIL
-0.5000000 0.0000000 0.0000000 0.5000000 0.0000000 5.5000000 0.1500242
-0.5000000 -0.5000000 -0.5000000 0.0000000 2.5000000 8.0000000 0.1500242
0.5000000 0.0000000 0.0000000 0.5000000 -3.0000000 5.5000000 0.1500242
0.4999245 -0.4999245 0.4999245 0.4999245 2.4996225 2.4994715 0.27496375
0.4999245 0.4999245 -0.4999245 0.4999245 -2.5005285 2.5003775 0.27496375
}

006067b {; Anthony Hanmer 18/1/2007, Designed with BRAZIL
-0.5000000 0.0000000 0.0000000 0.5000000 0.0000000 5.5000000 0.1500242
-0.5000000 -0.5000000 -0.5000000 0.0000000 2.5000000 8.0000000 0.1500242
0.5000000 0.0000000 0.0000000 0.5000000 -3.0000000 -0.5000000 0.1500242
0.4999245 -0.4999245 0.4999245 0.4999245 2.4996225 2.4994715 0.27496375
0.4999245 0.4999245 -0.4999245 0.4999245 -2.5005285 2.5003775 0.27496375
}

006068b {; Anthony Hanmer 18/1/2007, Designed with BRAZIL
-0.5000000 0.0000000 0.0000000 0.5000000 0.0000000 5.5000000 0.1500242
-0.5000000 -0.5000000 -0.5000000 0.0000000 2.5000000 8.0000000 0.1500242
0.0000000 0.5000000 -0.5000000 0.0000000 -5.5000000 2.0000000 0.1500242
0.4999245 -0.4999245 0.4999245 0.4999245 2.4996225 2.4994715 0.27496375
0.4999245 0.4999245 -0.4999245 0.4999245 -2.5005285 2.5003775 0.27496375
}

006069b {; Anthony Hanmer 18/1/2007, Designed with BRAZIL
-0.5000000 0.0000000 0.0000000 0.5000000 0.0000000 5.5000000 0.1500242
-0.5000000 -0.5000000 -0.5000000 0.0000000 2.5000000 8.0000000 0.1500242
0.0000000 0.5000000 -0.5000000 0.0000000 0.5000000 2.0000000 0.1500242
0.4999245 -0.4999245 0.4999245 0.4999245 2.4996225 2.4994715 0.27496375
0.4999245 0.4999245 -0.4999245 0.4999245 -2.5005285 2.5003775 0.27496375
}

006070b {; Anthony Hanmer 18/1/2007, Designed with BRAZIL
-0.5000000 0.0000000 0.0000000 0.5000000 0.0000000 5.5000000 0.1500242
-0.5000000 -0.5000000 -0.5000000 0.0000000 2.5000000 8.0000000 0.1500242
0.0000000 0.5000000 -0.5000000 0.0000000 0.5000000 8.0000000 0.1500242
0.4999245 -0.4999245 0.4999245 0.4999245 2.4996225 2.4994715 0.27496375
0.4999245 0.4999245 -0.4999245 0.4999245 -2.5005285 2.5003775 0.27496375
}

006071b {; Anthony Hanmer 18/1/2007, Designed with BRAZIL
-0.5000000 0.0000000 0.0000000 0.5000000 0.0000000 5.5000000 0.1500242
-0.5000000 -0.5000000 -0.5000000 0.0000000 2.5000000 8.0000000 0.1500242
0.0000000 0.5000000 -0.5000000 0.0000000 -5.5000000 8.0000000 0.1500242
0.4999245 -0.4999245 0.4999245 0.4999245 2.4996225 2.4994715 0.27496375
0.4999245 0.4999245 -0.4999245 0.4999245 -2.5005285 2.5003775 0.27496375
}

006072b {; Anthony Hanmer 18/1/2007, Designed with BRAZIL
-0.5000000 0.0000000 0.0000000 0.5000000 0.0000000 5.5000000 0.1500242
-0.5000000 -0.5000000 -0.5000000 0.0000000 2.5000000 8.0000000 0.1500242
-0.5000000 0.0000000 0.0000000 0.5000000 0.0000000 5.5000000 0.1500242
0.4999245 -0.4999245 0.4999245 0.4999245 2.4996225 2.4994715 0.27496375
0.4999245 0.4999245 -0.4999245 0.4999245 -2.5005285 2.5003775 0.27496375
}

006073b {; Anthony Hanmer 18/1/2007, Designed with BRAZIL
-0.5000000 0.0000000 0.0000000 0.5000000 0.0000000 5.5000000 0.1500242
-0.5000000 -0.5000000 -0.5000000 0.0000000 2.5000000 8.0000000 0.1500242
0.0000000 0.5000000 0.5000000 0.0000000 0.5000000 8.0000000 0.1500242
0.4999245 -0.4999245 0.4999245 0.4999245 2.4996225 2.4994715 0.27496375
0.4999245 0.4999245 -0.4999245 0.4999245 -2.5005285 2.5003775 0.27496375
}

006074b {; Anthony Hanmer 18/1/2007, Designed with BRAZIL
-0.5000000 0.0000000 0.0000000 0.5000000 0.0000000 5.5000000 0.1500242
-0.5000000 -0.5000000 -0.5000000 0.0000000 2.5000000 8.0000000 0.1500242
0.0000000 0.5000000 0.5000000 0.0000000 0.5000000 2.0000000 0.1500242
0.4999245 -0.4999245 0.4999245 0.4999245 2.4996225 2.4994715 0.27496375
0.4999245 0.4999245 -0.4999245 0.4999245 -2.5005285 2.5003775 0.27496375
}

006075b {; Anthony Hanmer 18/1/2007, Designed with BRAZIL
-0.5000000 0.0000000 0.0000000 0.5000000 0.0000000 5.5000000 0.1500242
-0.5000000 -0.5000000 -0.5000000 0.0000000 2.5000000 8.0000000 0.1500242
0.0000000 0.5000000 0.5000000 0.0000000 -5.5000000 2.0000000 0.1500242
0.4999245 -0.4999245 0.4999245 0.4999245 2.4996225 2.4994715 0.27496375
0.4999245 0.4999245 -0.4999245 0.4999245 -2.5005285 2.5003775 0.27496375
}

006076b {; Anthony Hanmer 18/1/2007, Designed with BRAZIL
-0.5000000 0.0000000 0.0000000 0.5000000 0.0000000 5.5000000 0.1500242
-0.5000000 -0.5000000 -0.5000000 0.0000000 2.5000000 8.0000000 0.1500242
0.0000000 -0.5000000 0.5000000 0.0000000 -0.5000000 2.0000000 0.1500242
0.4999245 -0.4999245 0.4999245 0.4999245 2.4996225 2.4994715 0.27496375
0.4999245 0.4999245 -0.4999245 0.4999245 -2.5005285 2.5003775 0.27496375
}

006077b {; Anthony Hanmer 18/1/2007, Designed with BRAZIL
-0.5000000 0.0000000 0.0000000 0.5000000 0.0000000 5.5000000 0.1500242
-0.5000000 -0.5000000 -0.5000000 0.0000000 2.5000000 8.0000000 0.1500242
0.0000000 -0.5000000 0.5000000 0.0000000 5.5000000 2.0000000 0.1500242
0.4999245 -0.4999245 0.4999245 0.4999245 2.4996225 2.4994715 0.27496375
0.4999245 0.4999245 -0.4999245 0.4999245 -2.5005285 2.5003775 0.27496375
}

006078b {; Anthony Hanmer 18/1/2007, Designed with BRAZIL
-0.5000000 0.0000000 0.0000000 0.5000000 0.0000000 5.5000000 0.1500242
-0.5000000 -0.5000000 -0.5000000 0.0000000 2.5000000 8.0000000 0.1500242
0.0000000 -0.5000000 0.5000000 0.0000000 5.5000000 8.0000000 0.1500242
0.4999245 -0.4999245 0.4999245 0.4999245 2.4996225 2.4994715 0.27496375
0.4999245 0.4999245 -0.4999245 0.4999245 -2.5005285 2.5003775 0.27496375
}

006079b {; Anthony Hanmer 18/1/2007, Designed with BRAZIL
-0.5000000 0.0000000 0.0000000 0.5000000 0.0000000 5.5000000 0.1500242
-0.5000000 -0.5000000 -0.5000000 0.0000000 2.5000000 8.0000000 0.1500242
0.0000000 -0.5000000 0.5000000 0.0000000 -0.5000000 8.0000000 0.1500242
0.4999245 -0.4999245 0.4999245 0.4999245 2.4996225 2.4994715 0.27496375
0.4999245 0.4999245 -0.4999245 0.4999245 -2.5005285 2.5003775 0.27496375
}

006080b {; Anthony Hanmer 18/1/2007, Designed with BRAZIL
-0.5000000 0.0000000 0.0000000 0.5000000 0.0000000 5.5000000 0.1500242
-0.5000000 -0.5000000 -0.5000000 0.0000000 2.5000000 8.0000000 0.1500242
0.0000000 -0.5000000 -0.5000000 0.0000000 -0.5000000 2.0000000 0.1500242
0.4999245 -0.4999245 0.4999245 0.4999245 2.4996225 2.4994715 0.27496375
0.4999245 0.4999245 -0.4999245 0.4999245 -2.5005285 2.5003775 0.27496375
}

006081b {; Anthony Hanmer 18/1/2007, Designed with BRAZIL
-0.5000000 0.0000000 0.0000000 0.5000000 0.0000000 5.5000000 0.1500242
-0.5000000 -0.5000000 -0.5000000 0.0000000 2.5000000 8.0000000 0.1500242
0.0000000 -0.5000000 -0.5000000 0.0000000 5.5000000 2.0000000 0.1500242
0.4999245 -0.4999245 0.4999245 0.4999245 2.4996225 2.4994715 0.27496375
0.4999245 0.4999245 -0.4999245 0.4999245 -2.5005285 2.5003775 0.27496375
}

006082b {; Anthony Hanmer 18/1/2007, Designed with BRAZIL
-0.5000000 0.0000000 0.0000000 0.5000000 0.0000000 5.5000000 0.1500242
-0.5000000 -0.5000000 -0.5000000 0.0000000 2.5000000 8.0000000 0.1500242
0.0000000 -0.5000000 -0.5000000 0.0000000 5.5000000 8.0000000 0.1500242
0.4999245 -0.4999245 0.4999245 0.4999245 2.4996225 2.4994715 0.27496375
0.4999245 0.4999245 -0.4999245 0.4999245 -2.5005285 2.5003775 0.27496375
}

006083b {; Anthony Hanmer 18/1/2007, Designed with BRAZIL
-0.5000000 0.0000000 0.0000000 0.5000000 0.0000000 5.5000000 0.1500242
-0.5000000 -0.5000000 -0.5000000 0.0000000 2.5000000 8.0000000 0.1500242
0.0000000 -0.5000000 -0.5000000 0.0000000 -0.5000000 8.0000000 0.1500242
0.4999245 -0.4999245 0.4999245 0.4999245 2.4996225 2.4994715 0.27496375
0.4999245 0.4999245 -0.4999245 0.4999245 -2.5005285 2.5003775 0.27496375
}

006084b {; Anthony Hanmer 18/1/2007, Designed with BRAZIL
-0.5000000 0.0000000 0.0000000 0.5000000 0.0000000 5.5000000 0.1500242
-0.5000000 -0.5000000 -0.5000000 0.0000000 2.5000000 8.0000000 0.1500242
0.6728164 0.0064108 0.0000000 0.3715724 -1.9566910 6.8955724 0.1500242
0.4999245 -0.4999245 0.4999245 0.4999245 2.4996225 2.4994715 0.27496375
0.4999245 0.4999245 -0.4999245 0.4999245 -2.5005285 2.5003775 0.27496375
}

006085b {; Anthony Hanmer 18/1/2007, Designed with BRAZIL
-0.5000000 0.0000000 0.0000000 0.5000000 0.0000000 5.5000000 0.1500242
-0.5000000 -0.5000000 -0.5000000 0.0000000 2.5000000 8.0000000 0.1500242
0.6728164 0.0064108 0.0000000 0.3715724 1.8953090 6.8955724 0.1500242
0.4999245 -0.4999245 0.4999245 0.4999245 2.4996225 2.4994715 0.27496375
0.4999245 0.4999245 -0.4999245 0.4999245 -2.5005285 2.5003775 0.27496375
}

006086b {; Anthony Hanmer 18/1/2007, Designed with BRAZIL
-0.5000000 0.0000000 0.0000000 0.5000000 0.0000000 5.5000000 0.1500242
-0.5000000 -0.5000000 -0.5000000 0.0000000 2.5000000 8.0000000 0.1500242
0.6728164 0.0064108 0.0000000 0.3715724 1.8953090 -0.6284276 0.1500242
0.4999245 -0.4999245 0.4999245 0.4999245 2.4996225 2.4994715 0.27496375
0.4999245 0.4999245 -0.4999245 0.4999245 -2.5005285 2.5003775 0.27496375
}

006087b {; Anthony Hanmer 18/1/2007, Designed with BRAZIL
-0.5000000 0.0000000 0.0000000 0.5000000 0.0000000 5.5000000 0.1500242
-0.5000000 -0.5000000 -0.5000000 0.0000000 2.5000000 8.0000000 0.1500242
0.6728164 0.0064108 0.0000000 0.3715724 -1.9566910 -0.6284276 0.1500242
0.4999245 -0.4999245 0.4999245 0.4999245 2.4996225 2.4994715 0.27496375
0.4999245 0.4999245 -0.4999245 0.4999245 -2.5005285 2.5003775 0.27496375
}

006088b {; Anthony Hanmer 18/1/2007, Designed with BRAZIL
-0.5000000 0.0000000 0.0000000 0.5000000 0.0000000 5.5000000 0.1500242
-0.5000000 -0.5000000 -0.5000000 0.0000000 2.5000000 8.0000000 0.1500242
-0.6728164 0.0064108 0.0000000 0.3715724 -1.9304874 -0.6284276 0.1500242
0.4999245 -0.4999245 0.4999245 0.4999245 2.4996225 2.4994715 0.27496375
0.4999245 0.4999245 -0.4999245 0.4999245 -2.5005285 2.5003775 0.27496375
}

006089b {; Anthony Hanmer 18/1/2007, Designed with BRAZIL
-0.5000000 0.0000000 0.0000000 0.5000000 0.0000000 5.5000000 0.1500242
-0.5000000 -0.5000000 -0.5000000 0.0000000 2.5000000 8.0000000 0.1500242
-0.6728164 -0.0082518 0.0000000 0.3715724 1.9548501 -0.6284276 0.1500242
0.4999245 -0.4999245 0.4999245 0.4999245 2.4996225 2.4994715 0.27496375
0.4999245 0.4999245 -0.4999245 0.4999245 -2.5005285 2.5003775 0.27496375
}

006090b {; Anthony Hanmer 18/1/2007, Designed with BRAZIL
-0.5000000 0.0000000 0.0000000 0.5000000 0.0000000 5.5000000 0.1500242
-0.5000000 -0.5000000 -0.5000000 0.0000000 2.5000000 8.0000000 0.1500242
-0.6728164 -0.0082518 0.0000000 0.3715724 1.9548501 6.9075724 0.1500242
0.4999245 -0.4999245 0.4999245 0.4999245 2.4996225 2.4994715 0.27496375
0.4999245 0.4999245 -0.4999245 0.4999245 -2.5005285 2.5003775 0.27496375
}

006091b {; Anthony Hanmer 18/1/2007, Designed with BRAZIL
-0.5000000 0.0000000 0.0000000 0.5000000 0.0000000 5.5000000 0.1500242
-0.5000000 -0.5000000 -0.5000000 0.0000000 2.5000000 8.0000000 0.1500242
0.0000000 -0.3715724 0.6728164 0.0064108 -1.8955724 3.0433090 0.1500242
