007996a {; Anthony Hanmer 18/1/2007, Designed with BRAZIL
0.0000000 0.5000000 -0.5000000 0.0000000 -5.5000000 2.0000000 0.1500242
-0.5000000 -0.5000000 -0.5000000 0.0000000 2.5000000 2.0000000 0.1500242
0.0000000 0.3715724 0.6728164 0.0082518 1.9195724 3.0451499 0.1500242
0.4999245 -0.4999245 0.4999245 0.4999245 2.4996225 2.4994715 0.27496375
-0.4999245 0.4999245 -0.4999245 -0.4999245 -2.4996225 7.5005285 0.27496375
}

007997a {; Anthony Hanmer 18/1/2007, Designed with BRAZIL
0.0000000 0.5000000 -0.5000000 0.0000000 -5.5000000 2.0000000 0.1500242
-0.5000000 -0.5000000 -0.5000000 0.0000000 2.5000000 2.0000000 0.1500242
0.0000000 0.3715724 0.6728164 0.0082518 -5.6284276 3.0451499 0.1500242
0.4999245 -0.4999245 0.4999245 0.4999245 2.4996225 2.4994715 0.27496375
-0.4999245 0.4999245 -0.4999245 -0.4999245 -2.4996225 7.5005285 0.27496375
}

007998a {; Anthony Hanmer 18/1/2007, Designed with BRAZIL
0.0000000 0.5000000 -0.5000000 0.0000000 -5.5000000 2.0000000 0.1500242
-0.5000000 -0.5000000 -0.5000000 0.0000000 2.5000000 2.0000000 0.1500242
0.0000000 0.3715724 -0.6728164 0.0082518 -5.6284276 3.0353536 0.1500242
0.4999245 -0.4999245 0.4999245 0.4999245 2.4996225 2.4994715 0.27496375
-0.4999245 0.4999245 -0.4999245 -0.4999245 -2.4996225 7.5005285 0.27496375
}

007999a {; Anthony Hanmer 18/1/2007, Designed with BRAZIL
0.0000000 0.5000000 -0.5000000 0.0000000 -5.5000000 2.0000000 0.1500242
-0.5000000 -0.5000000 -0.5000000 0.0000000 2.5000000 2.0000000 0.1500242
0.0000000 0.3715724 -0.6728164 0.0082518 1.9195724 3.0353536 0.1500242
0.4999245 -0.4999245 0.4999245 0.4999245 2.4996225 2.4994715 0.27496375
-0.4999245 0.4999245 -0.4999245 -0.4999245 -2.4996225 7.5005285 0.27496375
}

008000a {; Anthony Hanmer 18/1/2007, Designed with BRAZIL
0.5000000 0.0000000 0.0000000 -0.5000000 -3.0000000 10.5000000 0.1500242
-0.5000000 -0.5000000 -0.5000000 0.0000000 2.5000000 2.0000000 0.1500242
0.6728164 0.0064108 0.0000000 0.3715724 -1.9566910 -0.6284276 0.1500242
0.4999245 -0.4999245 0.4999245 0.4999245 2.4996225 2.4994715 0.27496375
-0.4999245 0.4999245 -0.4999245 -0.4999245 -2.4996225 7.5005285 0.27496375
}

008001a {; Anthony Hanmer 18/1/2007, Designed with BRAZIL
0.5000000 0.0000000 0.0000000 -0.5000000 -3.0000000 10.5000000 0.1500242
-0.5000000 -0.5000000 -0.5000000 0.0000000 2.5000000 2.0000000 0.1500242
0.5000000 -0.5000000 0.0000000 -0.5000000 2.5000000 4.5000000 0.1500242
0.4999245 -0.4999245 0.4999245 0.4999245 2.4996225 2.4994715 0.27496375
-0.4999245 0.4999245 -0.4999245 -0.4999245 -2.4996225 7.5005285 0.27496375
}

008002a {; Anthony Hanmer 18/1/2007, Designed with BRAZIL
0.5000000 0.0000000 0.0000000 -0.5000000 -3.0000000 10.5000000 0.1500242
-0.5000000 -0.5000000 -0.5000000 0.0000000 2.5000000 2.0000000 0.1500242
0.5000000 0.5000000 0.0000000 -0.5000000 -2.5000000 4.5000000 0.1500242
0.4999245 -0.4999245 0.4999245 0.4999245 2.4996225 2.4994715 0.27496375
-0.4999245 0.4999245 -0.4999245 -0.4999245 -2.4996225 7.5005285 0.27496375
}

008003a {; Anthony Hanmer 18/1/2007, Designed with BRAZIL
0.5000000 0.0000000 0.0000000 -0.5000000 -3.0000000 10.5000000 0.1500242
-0.5000000 -0.5000000 -0.5000000 0.0000000 2.5000000 2.0000000 0.1500242
0.5000000 0.5000000 0.5000000 0.0000000 -2.5000000 2.0000000 0.1500242
0.4999245 -0.4999245 0.4999245 0.4999245 2.4996225 2.4994715 0.27496375
-0.4999245 0.4999245 -0.4999245 -0.4999245 -2.4996225 7.5005285 0.27496375
}

008004a {; Anthony Hanmer 18/1/2007, Designed with BRAZIL
0.5000000 0.0000000 0.0000000 -0.5000000 -3.0000000 10.5000000 0.1500242
-0.5000000 -0.5000000 -0.5000000 0.0000000 2.5000000 2.0000000 0.1500242
0.5000000 0.0000000 0.5000000 -0.5000000 -3.0000000 7.5000000 0.1500242
0.4999245 -0.4999245 0.4999245 0.4999245 2.4996225 2.4994715 0.27496375
-0.4999245 0.4999245 -0.4999245 -0.4999245 -2.4996225 7.5005285 0.27496375
}

008005a {; Anthony Hanmer 18/1/2007, Designed with BRAZIL
0.5000000 0.0000000 0.0000000 -0.5000000 -3.0000000 10.5000000 0.1500242
-0.5000000 -0.5000000 -0.5000000 0.0000000 2.5000000 2.0000000 0.1500242
0.5000000 0.0000000 -0.5000000 -0.5000000 -3.0000000 7.5000000 0.1500242
0.4999245 -0.4999245 0.4999245 0.4999245 2.4996225 2.4994715 0.27496375
-0.4999245 0.4999245 -0.4999245 -0.4999245 -2.4996225 7.5005285 0.27496375
}

008006a {; Anthony Hanmer 18/1/2007, Designed with BRAZIL
0.5000000 0.0000000 0.0000000 -0.5000000 -3.0000000 10.5000000 0.1500242
-0.5000000 -0.5000000 -0.5000000 0.0000000 2.5000000 2.0000000 0.1500242
0.5000000 0.0000000 -0.5000000 -0.5000000 3.0000000 7.5000000 0.1500242
0.4999245 -0.4999245 0.4999245 0.4999245 2.4996225 2.4994715 0.27496375
-0.4999245 0.4999245 -0.4999245 -0.4999245 -2.4996225 7.5005285 0.27496375
}

008007a {; Anthony Hanmer 18/1/2007, Designed with BRAZIL
0.5000000 0.0000000 0.0000000 -0.5000000 -3.0000000 10.5000000 0.1500242
-0.5000000 -0.5000000 -0.5000000 0.0000000 2.5000000 2.0000000 0.1500242
0.5000000 -0.5000000 -0.5000000 0.0000000 2.5000000 8.0000000 0.1500242
0.4999245 -0.4999245 0.4999245 0.4999245 2.4996225 2.4994715 0.27496375
-0.4999245 0.4999245 -0.4999245 -0.4999245 -2.4996225 7.5005285 0.27496375
}

008008a {; Anthony Hanmer 18/1/2007, Designed with BRAZIL
0.5000000 0.0000000 0.0000000 -0.5000000 -3.0000000 10.5000000 0.1500242
-0.5000000 -0.5000000 -0.5000000 0.0000000 2.5000000 2.0000000 0.1500242
0.5000000 -0.5000000 -0.5000000 0.0000000 2.5000000 2.0000000 0.1500242
0.4999245 -0.4999245 0.4999245 0.4999245 2.4996225 2.4994715 0.27496375
-0.4999245 0.4999245 -0.4999245 -0.4999245 -2.4996225 7.5005285 0.27496375
}

008009a {; Anthony Hanmer 18/1/2007, Designed with BRAZIL
0.5000000 0.0000000 0.0000000 -0.5000000 -3.0000000 10.5000000 0.1500242
-0.5000000 -0.5000000 -0.5000000 0.0000000 2.5000000 2.0000000 0.1500242
-0.5000000 -0.5000000 0.0000000 -0.5000000 2.5000000 4.5000000 0.1500242
0.4999245 -0.4999245 0.4999245 0.4999245 2.4996225 2.4994715 0.27496375
-0.4999245 0.4999245 -0.4999245 -0.4999245 -2.4996225 7.5005285 0.27496375
}

008010a {; Anthony Hanmer 18/1/2007, Designed with BRAZIL
0.5000000 0.0000000 0.0000000 -0.5000000 -3.0000000 10.5000000 0.1500242
-0.5000000 -0.5000000 -0.5000000 0.0000000 2.5000000 2.0000000 0.1500242
-0.5000000 -0.5000000 0.0000000 -0.5000000 2.5000000 10.5000000 0.1500242
0.4999245 -0.4999245 0.4999245 0.4999245 2.4996225 2.4994715 0.27496375
-0.4999245 0.4999245 -0.4999245 -0.4999245 -2.4996225 7.5005285 0.27496375
}

008011a {; Anthony Hanmer 18/1/2007, Designed with BRAZIL
0.5000000 0.0000000 0.0000000 -0.5000000 -3.0000000 10.5000000 0.1500242
-0.5000000 -0.5000000 -0.5000000 0.0000000 2.5000000 2.0000000 0.1500242
-0.5000000 0.5000000 0.0000000 0.5000000 -2.5000000 5.5000000 0.1500242
0.4999245 -0.4999245 0.4999245 0.4999245 2.4996225 2.4994715 0.27496375
-0.4999245 0.4999245 -0.4999245 -0.4999245 -2.4996225 7.5005285 0.27496375
}

008012a {; Anthony Hanmer 18/1/2007, Designed with BRAZIL
0.5000000 0.0000000 0.0000000 -0.5000000 -3.0000000 10.5000000 0.1500242
-0.5000000 -0.5000000 -0.5000000 0.0000000 2.5000000 2.0000000 0.1500242
-0.5000000 0.5000000 0.0000000 0.5000000 -2.5000000 -0.5000000 0.1500242
0.4999245 -0.4999245 0.4999245 0.4999245 2.4996225 2.4994715 0.27496375
-0.4999245 0.4999245 -0.4999245 -0.4999245 -2.4996225 7.5005285 0.27496375
}

008013a {; Anthony Hanmer 18/1/2007, Designed with BRAZIL
0.5000000 0.0000000 0.0000000 -0.5000000 -3.0000000 10.5000000 0.1500242
-0.5000000 -0.5000000 -0.5000000 0.0000000 2.5000000 2.0000000 0.1500242
0.5000000 0.5000000 0.0000000 0.5000000 -2.5000000 -0.5000000 0.1500242
0.4999245 -0.4999245 0.4999245 0.4999245 2.4996225 2.4994715 0.27496375
-0.4999245 0.4999245 -0.4999245 -0.4999245 -2.4996225 7.5005285 0.27496375
}

008014a {; Anthony Hanmer 18/1/2007, Designed with BRAZIL
0.5000000 0.0000000 0.0000000 -0.5000000 -3.0000000 10.5000000 0.1500242
-0.5000000 -0.5000000 -0.5000000 0.0000000 2.5000000 2.0000000 0.1500242
0.5000000 0.5000000 0.0000000 0.5000000 -2.5000000 5.5000000 0.1500242
0.4999245 -0.4999245 0.4999245 0.4999245 2.4996225 2.4994715 0.27496375
-0.4999245 0.4999245 -0.4999245 -0.4999245 -2.4996225 7.5005285 0.27496375
}

008015a {; Anthony Hanmer 18/1/2007, Designed with BRAZIL
0.5000000 0.0000000 0.0000000 -0.5000000 -3.0000000 10.5000000 0.1500242
-0.5000000 -0.5000000 -0.5000000 0.0000000 2.5000000 2.0000000 0.1500242
0.0000000 -0.5000000 -0.5000000 0.5000000 -0.5000000 2.5000000 0.1500242
0.4999245 -0.4999245 0.4999245 0.4999245 2.4996225 2.4994715 0.27496375
-0.4999245 0.4999245 -0.4999245 -0.4999245 -2.4996225 7.5005285 0.27496375
}

008016a {; Anthony Hanmer 18/1/2007, Designed with BRAZIL
0.5000000 0.0000000 0.0000000 -0.5000000 -3.0000000 10.5000000 0.1500242
-0.5000000 -0.5000000 -0.5000000 0.0000000 2.5000000 2.0000000 0.1500242
0.0000000 -0.5000000 -0.5000000 0.5000000 5.5000000 2.5000000 0.1500242
0.4999245 -0.4999245 0.4999245 0.4999245 2.4996225 2.4994715 0.27496375
-0.4999245 0.4999245 -0.4999245 -0.4999245 -2.4996225 7.5005285 0.27496375
}

008017a {; Anthony Hanmer 18/1/2007, Designed with BRAZIL
0.5000000 0.0000000 0.0000000 -0.5000000 -3.0000000 10.5000000 0.1500242
-0.5000000 -0.5000000 -0.5000000 0.0000000 2.5000000 2.0000000 0.1500242
0.0000000 -0.5000000 0.5000000 0.5000000 5.5000000 2.5000000 0.1500242
0.4999245 -0.4999245 0.4999245 0.4999245 2.4996225 2.4994715 0.27496375
-0.4999245 0.4999245 -0.4999245 -0.4999245 -2.4996225 7.5005285 0.27496375
}

008018a {; Anthony Hanmer 18/1/2007, Designed with BRAZIL
0.5000000 0.0000000 0.0000000 -0.5000000 -3.0000000 10.5000000 0.1500242
-0.5000000 -0.5000000 -0.5000000 0.0000000 2.5000000 2.0000000 0.1500242
0.0000000 -0.5000000 0.5000000 0.5000000 -0.5000000 2.5000000 0.1500242
0.4999245 -0.4999245 0.4999245 0.4999245 2.4996225 2.4994715 0.27496375
-0.4999245 0.4999245 -0.4999245 -0.4999245 -2.4996225 7.5005285 0.27496375
}

008019a {; Anthony Hanmer 18/1/2007, Designed with BRAZIL
0.5000000 0.0000000 0.0000000 -0.5000000 -3.0000000 10.5000000 0.1500242
-0.5000000 -0.5000000 -0.5000000 0.0000000 2.5000000 2.0000000 0.1500242
0.0000000 0.5000000 0.5000000 -0.5000000 0.5000000 7.5000000 0.1500242
0.4999245 -0.4999245 0.4999245 0.4999245 2.4996225 2.4994715 0.27496375
-0.4999245 0.4999245 -0.4999245 -0.4999245 -2.4996225 7.5005285 0.27496375
}

008020a {; Anthony Hanmer 18/1/2007, Designed with BRAZIL
0.5000000 0.0000000 0.0000000 -0.5000000 -3.0000000 10.5000000 0.1500242
-0.5000000 -0.5000000 -0.5000000 0.0000000 2.5000000 2.0000000 0.1500242
0.0000000 0.5000000 0.5000000 -0.5000000 -5.5000000 7.5000000 0.1500242
0.4999245 -0.4999245 0.4999245 0.4999245 2.4996225 2.4994715 0.27496375
-0.4999245 0.4999245 -0.4999245 -0.4999245 -2.4996225 7.5005285 0.27496375
}

008021a {; Anthony Hanmer 18/1/2007, Designed with BRAZIL
0.5000000 0.0000000 0.0000000 -0.5000000 -3.0000000 10.5000000 0.1500242
-0.5000000 -0.5000000 -0.5000000 0.0000000 2.5000000 2.0000000 0.1500242
0.0000000 0.5000000 -0.5000000 -0.5000000 -5.5000000 7.5000000 0.1500242
0.4999245 -0.4999245 0.4999245 0.4999245 2.4996225 2.4994715 0.27496375
-0.4999245 0.4999245 -0.4999245 -0.4999245 -2.4996225 7.5005285 0.27496375
}

008022a {; Anthony Hanmer 18/1/2007, Designed with BRAZIL
0.5000000 0.0000000 0.0000000 -0.5000000 -3.0000000 10.5000000 0.1500242
-0.5000000 -0.5000000 -0.5000000 0.0000000 2.5000000 2.0000000 0.1500242
0.0000000 0.5000000 -0.5000000 -0.5000000 0.5000000 7.5000000 0.1500242
0.4999245 -0.4999245 0.4999245 0.4999245 2.4996225 2.4994715 0.27496375
-0.4999245 0.4999245 -0.4999245 -0.4999245 -2.4996225 7.5005285 0.27496375
}

008023a {; Anthony Hanmer 18/1/2007, Designed with BRAZIL
0.5000000 0.0000000 0.0000000 -0.5000000 -3.0000000 10.5000000 0.1500242
-0.5000000 -0.5000000 -0.5000000 0.0000000 2.5000000 2.0000000 0.1500242
-0.5000000 0.5000000 0.0000000 0.5000000 -2.5000000 5.5000000 0.1500242
0.4999245 -0.4999245 0.4999245 0.4999245 2.4996225 2.4994715 0.27496375
-0.4999245 0.4999245 -0.4999245 -0.4999245 -2.4996225 7.5005285 0.27496375
}

008024a {; Anthony Hanmer 18/1/2007, Designed with BRAZIL
0.5000000 0.0000000 0.0000000 -0.5000000 -3.0000000 10.5000000 0.1500242
-0.5000000 -0.5000000 -0.5000000 0.0000000 2.5000000 2.0000000 0.1500242
-0.5000000 -0.5000000 0.5000000 0.0000000 2.5000000 8.0000000 0.1500242
0.4999245 -0.4999245 0.4999245 0.4999245 2.4996225 2.4994715 0.27496375
-0.4999245 0.4999245 -0.4999245 -0.4999245 -2.4996225 7.5005285 0.27496375
}

008025a {; Anthony Hanmer 18/1/2007, Designed with BRAZIL
0.5000000 0.0000000 0.0000000 -0.5000000 -3.0000000 10.5000000 0.1500242
-0.5000000 -0.5000000 -0.5000000 0.0000000 2.5000000 2.0000000 0.1500242
-0.5000000 -0.5000000 0.5000000 0.0000000 2.5000000 2.0000000 0.1500242
0.4999245 -0.4999245 0.4999245 0.4999245 2.4996225 2.4994715 0.27496375
-0.4999245 0.4999245 -0.4999245 -0.4999245 -2.4996225 7.5005285 0.27496375
}

008026a {; Anthony Hanmer 18/1/2007, Designed with BRAZIL
0.5000000 0.0000000 0.0000000 -0.5000000 -3.0000000 10.5000000 0.1500242
-0.5000000 -0.5000000 -0.5000000 0.0000000 2.5000000 2.0000000 0.1500242
-0.6728164 0.0064108 0.0000000 0.3715724 -1.9304874 -0.6284276 0.1500242
0.4999245 -0.4999245 0.4999245 0.4999245 2.4996225 2.4994715 0.27496375
-0.4999245 0.4999245 -0.4999245 -0.4999245 -2.4996225 7.5005285 0.27496375
}

008027a {; Anthony Hanmer 18/1/2007, Designed with BRAZIL
0.5000000 0.0000000 0.0000000 -0.5000000 -3.0000000 10.5000000 0.1500242
-0.5000000 -0.5000000 -0.5000000 0.0000000 2.5000000 2.0000000 0.1500242
0.5000000 -0.5000000 -0.5000000 0.0000000 2.5000000 8.0000000 0.1500242
0.4999245 -0.4999245 0.4999245 0.4999245 2.4996225 2.4994715 0.27496375
-0.4999245 0.4999245 -0.4999245 -0.4999245 -2.4996225 7.5005285 0.27496375
}

008028a {; Anthony Hanmer 18/1/2007, Designed with BRAZIL
0.5000000 0.0000000 0.0000000 -0.5000000 -3.0000000 10.5000000 0.1500242
-0.5000000 -0.5000000 -0.5000000 0.0000000 2.5000000 2.0000000 0.1500242
0.5000000 0.5000000 -0.5000000 0.0000000 -2.5000000 8.0000000 0.1500242
0.4999245 -0.4999245 0.4999245 0.4999245 2.4996225 2.4994715 0.27496375
-0.4999245 0.4999245 -0.4999245 -0.4999245 -2.4996225 7.5005285 0.27496375
}

008029a {; Anthony Hanmer 18/1/2007, Designed with BRAZIL
0.5000000 0.0000000 0.0000000 -0.5000000 -3.0000000 10.5000000 0.1500242
-0.5000000 -0.5000000 -0.5000000 0.0000000 2.5000000 2.0000000 0.1500242
0.5000000 0.5000000 -0.5000000 0.0000000 -2.5000000 2.0000000 0.1500242
0.4999245 -0.4999245 0.4999245 0.4999245 2.4996225 2.4994715 0.27496375
-0.4999245 0.4999245 -0.4999245 -0.4999245 -2.4996225 7.5005285 0.27496375
}

008030a {; Anthony Hanmer 18/1/2007, Designed with BRAZIL
0.5000000 0.0000000 0.0000000 -0.5000000 -3.0000000 10.5000000 0.1500242
-0.5000000 -0.5000000 -0.5000000 0.0000000 2.5000000 2.0000000 0.1500242
-0.5000000 0.5000000 0.5000000 0.0000000 -2.5000000 8.0000000 0.1500242
0.4999245 -0.4999245 0.4999245 0.4999245 2.4996225 2.4994715 0.27496375
-0.4999245 0.4999245 -0.4999245 -0.4999245 -2.4996225 7.5005285 0.27496375
}

008031a {; Anthony Hanmer 18/1/2007, Designed with BRAZIL
0.5000000 0.0000000 0.0000000 -0.5000000 -3.0000000 10.5000000 0.1500242
-0.5000000 -0.5000000 -0.5000000 0.0000000 2.5000000 2.0000000 0.1500242
-0.5000000 0.5000000 0.5000000 0.0000000 -2.5000000 2.0000000 0.1500242
0.4999245 -0.4999245 0.4999245 0.4999245 2.4996225 2.4994715 0.27496375
-0.4999245 0.4999245 -0.4999245 -0.4999245 -2.4996225 7.5005285 0.27496375
}

008032a {; Anthony Hanmer 18/1/2007, Designed with BRAZIL
0.5000000 0.0000000 0.0000000 -0.5000000 -3.0000000 10.5000000 0.1500242
-0.5000000 -0.5000000 -0.5000000 0.0000000 2.5000000 2.0000000 0.1500242
-0.5000000 0.0000000 -0.5000000 -0.5000000 3.0000000 7.5000000 0.1500242
0.4999245 -0.4999245 0.4999245 0.4999245 2.4996225 2.4994715 0.27496375
-0.4999245 0.4999245 -0.4999245 -0.4999245 -2.4996225 7.5005285 0.27496375
}

008033a {; Anthony Hanmer 18/1/2007, Designed with BRAZIL
0.5000000 0.0000000 0.0000000 -0.5000000 -3.0000000 10.5000000 0.1500242
-0.5000000 -0.5000000 -0.5000000 0.0000000 2.5000000 2.0000000 0.1500242
-0.5000000 0.0000000 -0.5000000 -0.5000000 -3.0000000 7.5000000 0.1500242
0.4999245 -0.4999245 0.4999245 0.4999245 2.4996225 2.4994715 0.27496375
-0.4999245 0.4999245 -0.4999245 -0.4999245 -2.4996225 7.5005285 0.27496375
}

008034a {; Anthony Hanmer 18/1/2007, Designed with BRAZIL
0.5000000 0.0000000 0.0000000 -0.5000000 -3.0000000 10.5000000 0.1500242
-0.5000000 -0.5000000 -0.5000000 0.0000000 2.5000000 2.0000000 0.1500242
0.5000000 0.0000000 0.5000000 -0.5000000 3.0000000 7.5000000 0.1500242
0.4999245 -0.4999245 0.4999245 0.4999245 2.4996225 2.4994715 0.27496375
-0.4999245 0.4999245 -0.4999245 -0.4999245 -2.4996225 7.5005285 0.27496375
}

008035a {; Anthony Hanmer 18/1/2007, Designed with BRAZIL
0.5000000 0.0000000 0.0000000 -0.5000000 -3.0000000 10.5000000 0.1500242
-0.5000000 -0.5000000 -0.5000000 0.0000000 2.5000000 2.0000000 0.1500242
0.5000000 0.0000000 0.5000000 -0.5000000 -3.0000000 7.5000000 0.1500242
0.4999245 -0.4999245 0.4999245 0.4999245 2.4996225 2.4994715 0.27496375
-0.4999245 0.4999245 -0.4999245 -0.4999245 -2.4996225 7.5005285 0.27496375
}

008036a {; Anthony Hanmer 18/1/2007, Designed with BRAZIL
0.5000000 0.0000000 0.0000000 -0.5000000 -3.0000000 10.5000000 0.1500242
-0.5000000 -0.5000000 -0.5000000 0.0000000 2.5000000 2.0000000 0.1500242
0.5000000 0.0000000 0.5000000 0.5000000 -3.0000000 2.5000000 0.1500242
0.4999245 -0.4999245 0.4999245 0.4999245 2.4996225 2.4994715 0.27496375
-0.4999245 0.4999245 -0.4999245 -0.4999245 -2.4996225 7.5005285 0.27496375
}

008037a {; Anthony Hanmer 18/1/2007, Designed with BRAZIL
0.5000000 0.0000000 0.0000000 -0.5000000 -3.0000000 10.5000000 0.1500242
-0.5000000 -0.5000000 -0.5000000 0.0000000 2.5000000 2.0000000 0.1500242
0.5000000 0.0000000 0.5000000 0.5000000 3.0000000 2.5000000 0.1500242
0.4999245 -0.4999245 0.4999245 0.4999245 2.4996225 2.4994715 0.27496375
-0.4999245 0.4999245 -0.4999245 -0.4999245 -2.4996225 7.5005285 0.27496375
}

008038a {; Anthony Hanmer 18/1/2007, Designed with BRAZIL
0.5000000 0.0000000 0.0000000 -0.5000000 -3.0000000 10.5000000 0.1500242
-0.5000000 -0.5000000 -0.5000000 0.0000000 2.5000000 2.0000000 0.1500242
-0.5000000 0.0000000 -0.5000000 0.5000000 -3.0000000 2.5000000 0.1500242
0.4999245 -0.4999245 0.4999245 0.4999245 2.4996225 2.4994715 0.27496375
-0.4999245 0.4999245 -0.4999245 -0.4999245 -2.4996225 7.5005285 0.27496375
}

008039a {; Anthony Hanmer 18/1/2007, Designed with BRAZIL
0.5000000 0.0000000 0.0000000 -0.5000000 -3.0000000 10.5000000 0.1500242
-0.5000000 -0.5000000 -0.5000000 0.0000000 2.5000000 2.0000000 0.1500242
-0.5000000 0.0000000 -0.5000000 0.5000000 3.0000000 2.5000000 0.1500242
0.4999245 -0.4999245 0.4999245 0.4999245 2.4996225 2.4994715 0.27496375
-0.4999245 0.4999245 -0.4999245 -0.4999245 -2.4996225 7.5005285 0.27496375
}

008040a {; Anthony Hanmer 18/1/2007, Designed with BRAZIL
0.5000000 0.0000000 0.0000000 -0.5000000 -3.0000000 10.5000000 0.1500242
-0.5000000 -0.5000000 -0.5000000 0.0000000 2.5000000 2.0000000 0.1500242
0.0000000 0.3715724 -0.6728164 0.0082518 -5.6284276 3.0353536 0.1500242
0.4999245 -0.4999245 0.4999245 0.4999245 2.4996225 2.4994715 0.27496375
-0.4999245 0.4999245 -0.4999245 -0.4999245 -2.4996225 7.5005285 0.27496375
}

008041a {; Anthony Hanmer 18/1/2007, Designed with BRAZIL
0.5000000 0.0000000 0.0000000 -0.5000000 -3.0000000 10.5000000 0.1500242
-0.5000000 -0.5000000 -0.5000000 0.0000000 2.5000000 2.0000000 0.1500242
-0.5000000 0.0000000 0.5000000 -0.5000000 -3.0000000 7.5000000 0.1500242
0.4999245 -0.4999245 0.4999245 0.4999245 2.4996225 2.4994715 0.27496375
-0.4999245 0.4999245 -0.4999245 -0.4999245 -2.4996225 7.5005285 0.27496375
}

008042a {; Anthony Hanmer 18/1/2007, Designed with BRAZIL
0.5000000 0.0000000 0.0000000 -0.5000000 -3.0000000 10.5000000 0.1500242
-0.5000000 -0.5000000 -0.5000000 0.0000000 2.5000000 2.0000000 0.1500242
-0.5000000 0.0000000 0.5000000 -0.5000000 3.0000000 7.5000000 0.1500242
0.4999245 -0.4999245 0.4999245 0.4999245 2.4996225 2.4994715 0.27496375
-0.4999245 0.4999245 -0.4999245 -0.4999245 -2.4996225 7.5005285 0.27496375
}

008043a {; Anthony Hanmer 18/1/2007, Designed with BRAZIL
0.5000000 0.0000000 0.0000000 -0.5000000 -3.0000000 10.5000000 0.1500242
-0.5000000 -0.5000000 -0.5000000 0.0000000 2.5000000 2.0000000 0.1500242
0.5000000 0.0000000 -0.5000000 -0.5000000 3.0000000 7.5000000 0.1500242
0.4999245 -0.4999245 0.4999245 0.4999245 2.4996225 2.4994715 0.27496375
-0.4999245 0.4999245 -0.4999245 -0.4999245 -2.4996225 7.5005285 0.27496375
}

008044a {; Anthony Hanmer 18/1/2007, Designed with BRAZIL
0.5000000 0.0000000 0.0000000 -0.5000000 -3.0000000 10.5000000 0.1500242
-0.5000000 -0.5000000 -0.5000000 0.0000000 2.5000000 2.0000000 0.1500242
0.5000000 0.0000000 -0.5000000 0.5000000 -3.0000000 2.5000000 0.1500242
0.4999245 -0.4999245 0.4999245 0.4999245 2.4996225 2.4994715 0.27496375
-0.4999245 0.4999245 -0.4999245 -0.4999245 -2.4996225 7.5005285 0.27496375
}

008045a {; Anthony Hanmer 18/1/2007, Designed with BRAZIL
0.5000000 0.0000000 0.0000000 -0.5000000 -3.0000000 10.5000000 0.1500242
-0.5000000 -0.5000000 -0.5000000 0.0000000 2.5000000 2.0000000 0.1500242
0.5000000 0.0000000 -0.5000000 0.5000000 3.0000000 2.5000000 0.1500242
0.4999245 -0.4999245 0.4999245 0.4999245 2.4996225 2.4994715 0.27496375
-0.4999245 0.4999245 -0.4999245 -0.4999245 -2.4996225 7.5005285 0.27496375
}

008046a {; Anthony Hanmer 18/1/2007, Designed with BRAZIL
0.5000000 0.0000000 0.0000000 -0.5000000 -3.0000000 10.5000000 0.1500242
-0.5000000 -0.5000000 -0.5000000 0.0000000 2.5000000 2.0000000 0.1500242
-0.5000000 0.0000000 0.5000000 0.5000000 -3.0000000 2.5000000 0.1500242
0.4999245 -0.4999245 0.4999245 0.4999245 2.4996225 2.4994715 0.27496375
-0.4999245 0.4999245 -0.4999245 -0.4999245 -2.4996225 7.5005285 0.27496375
}

008047a {; Anthony Hanmer 18/1/2007, Designed with BRAZIL
0.5000000 0.0000000 0.0000000 -0.5000000 -3.0000000 10.5000000 0.1500242
-0.5000000 -0.5000000 -0.5000000 0.0000000 2.5000000 2.0000000 0.1500242
-0.5000000 0.0000000 0.5000000 0.5000000 3.0000000 2.5000000 0.1500242
0.4999245 -0.4999245 0.4999245 0.4999245 2.4996225 2.4994715 0.27496375
-0.4999245 0.4999245 -0.4999245 -0.4999245 -2.4996225 7.5005285 0.27496375
}

008048a {; Anthony Hanmer 18/1/2007, Designed with BRAZIL
0.5000000 0.0000000 0.0000000 -0.5000000 -3.0000000 10.5000000 0.1500242
-0.5000000 -0.5000000 -0.5000000 0.0000000 2.5000000 2.0000000 0.1500242
-0.5000000 -0.5000000 -0.5000000 0.0000000 2.5000000 2.0000000 0.1500242
0.4999245 -0.4999245 0.4999245 0.4999245 2.4996225 2.4994715 0.27496375
-0.4999245 0.4999245 -0.4999245 -0.4999245 -2.4996225 7.5005285 0.27496375
}

008049a {; Anthony Hanmer 18/1/2007, Designed with BRAZIL
0.5000000 0.0000000 0.0000000 -0.5000000 -3.0000000 10.5000000 0.1500242
-0.5000000 -0.5000000 -0.5000000 0.0000000 2.5000000 2.0000000 0.1500242
-0.5000000 -0.5000000 -0.5000000 0.0000000 2.5000000 2.0000000 0.1500242
0.4999245 -0.4999245 0.4999245 0.4999245 2.4996225 2.4994715 0.27496375
-0.4999245 0.4999245 -0.4999245 -0.4999245 -2.4996225 7.5005285 0.27496375
}

008050a {; Anthony Hanmer 18/1/2007, Designed with BRAZIL
0.5000000 0.0000000 0.0000000 -0.5000000 -3.0000000 10.5000000 0.1500242
-0.5000000 -0.5000000 -0.5000000 0.0000000 2.5000000 2.0000000 0.1500242
0.5000000 0.5000000 0.5000000 0.0000000 -2.5000000 8.0000000 0.1500242
0.4999245 -0.4999245 0.4999245 0.4999245 2.4996225 2.4994715 0.27496375
-0.4999245 0.4999245 -0.4999245 -0.4999245 -2.4996225 7.5005285 0.27496375
}

008051a {; Anthony Hanmer 18/1/2007, Designed with BRAZIL
0.5000000 0.0000000 0.0000000 -0.5000000 -3.0000000 10.5000000 0.1500242
-0.5000000 -0.5000000 -0.5000000 0.0000000 2.5000000 2.0000000 0.1500242
0.5000000 -0.5000000 0.5000000 0.0000000 2.5000000 2.0000000 0.1500242
0.4999245 -0.4999245 0.4999245 0.4999245 2.4996225 2.4994715 0.27496375
-0.4999245 0.4999245 -0.4999245 -0.4999245 -2.4996225 7.5005285 0.27496375
}

008052a {; Anthony Hanmer 18/1/2007, Designed with BRAZIL
0.5000000 0.0000000 0.0000000 -0.5000000 -3.0000000 10.5000000 0.1500242
-0.5000000 -0.5000000 -0.5000000 0.0000000 2.5000000 2.0000000 0.1500242
-0.5000000 0.0000000 0.0000000 -0.5000000 -3.0000000 4.5000000 0.1500242
0.4999245 -0.4999245 0.4999245 0.4999245 2.4996225 2.4994715 0.27496375
-0.4999245 0.4999245 -0.4999245 -0.4999245 -2.4996225 7.5005285 0.27496375
}

008053a {; Anthony Hanmer 18/1/2007, Designed with BRAZIL
0.5000000 0.0000000 0.0000000 -0.5000000 -3.0000000 10.5000000 0.1500242
-0.5000000 -0.5000000 -0.5000000 0.0000000 2.5000000 2.0000000 0.1500242
-0.5000000 0.0000000 0.0000000 -0.5000000 3.0000000 4.5000000 0.1500242
0.4999245 -0.4999245 0.4999245 0.4999245 2.4996225 2.4994715 0.27496375
-0.4999245 0.4999245 -0.4999245 -0.4999245 -2.4996225 7.5005285 0.27496375
}

008054a {; Anthony Hanmer 18/1/2007, Designed with BRAZIL
0.5000000 0.0000000 0.0000000 -0.5000000 -3.0000000 10.5000000 0.1500242
-0.5000000 -0.5000000 -0.5000000 0.0000000 2.5000000 2.0000000 0.1500242
-0.5000000 0.0000000 0.0000000 -0.5000000 3.0000000 10.5000000 0.1500242
0.4999245 -0.4999245 0.4999245 0.4999245 2.4996225 2.4994715 0.27496375
-0.4999245 0.4999245 -0.4999245 -0.4999245 -2.4996225 7.5005285 0.27496375
}

008055a {; Anthony Hanmer 18/1/2007, Designed with BRAZIL
0.5000000 0.0000000 0.0000000 -0.5000000 -3.0000000 10.5000000 0.1500242
-0.5000000 -0.5000000 -0.5000000 0.0000000 2.5000000 2.0000000 0.1500242
-0.5000000 0.0000000 0.0000000 -0.5000000 -3.0000000 10.5000000 0.1500242
0.4999245 -0.4999245 0.4999245 0.4999245 2.4996225 2.4994715 0.27496375
-0.4999245 0.4999245 -0.4999245 -0.4999245 -2.4996225 7.5005285 0.27496375
}

008056a {; Anthony Hanmer 18/1/2007, Designed with BRAZIL
0.5000000 0.0000000 0.0000000 -0.5000000 -3.0000000 10.5000000 0.1500242
-0.5000000 -0.5000000 -0.5000000 0.0000000 2.5000000 2.0000000 0.1500242
0.5000000 0.0000000 0.0000000 -0.5000000 3.0000000 10.5000000 0.1500242
0.4999245 -0.4999245 0.4999245 0.4999245 2.4996225 2.4994715 0.27496375
-0.4999245 0.4999245 -0.4999245 -0.4999245 -2.4996225 7.5005285 0.27496375
}

008057a {; Anthony Hanmer 18/1/2007, Designed with BRAZIL
0.5000000 0.0000000 0.0000000 -0.5000000 -3.0000000 10.5000000 0.1500242
-0.5000000 -0.5000000 -0.5000000 0.0000000 2.5000000 2.0000000 0.1500242
0.5000000 0.0000000 0.0000000 -0.5000000 3.0000000 4.5000000 0.1500242
0.4999245 -0.4999245 0.4999245 0.4999245 2.4996225 2.4994715 0.27496375
-0.4999245 0.4999245 -0.4999245 -0.4999245 -2.4996225 7.5005285 0.27496375
}

008058a {; Anthony Hanmer 18/1/2007, Designed with BRAZIL
0.5000000 0.0000000 0.0000000 -0.5000000 -3.0000000 10.5000000 0.1500242
-0.5000000 -0.5000000 -0.5000000 0.0000000 2.5000000 2.0000000 0.1500242
0.5000000 0.0000000 0.0000000 -0.5000000 -3.0000000 4.5000000 0.1500242
0.4999245 -0.4999245 0.4999245 0.4999245 2.4996225 2.4994715 0.27496375
-0.4999245 0.4999245 -0.4999245 -0.4999245 -2.4996225 7.5005285 0.27496375
}

008059a {; Anthony Hanmer 18/1/2007, Designed with BRAZIL
0.5000000 0.0000000 0.0000000 -0.5000000 -3.0000000 10.5000000 0.1500242
-0.5000000 -0.5000000 -0.5000000 0.0000000 2.5000000 2.0000000 0.1500242
0.5000000 0.0000000 0.0000000 -0.5000000 -3.0000000 10.5000000 0.1500242
0.4999245 -0.4999245 0.4999245 0.4999245 2.4996225 2.4994715 0.27496375
-0.4999245 0.4999245 -0.4999245 -0.4999245 -2.4996225 7.5005285 0.27496375
}

008060a {; Anthony Hanmer 18/1/2007, Designed with BRAZIL
0.5000000 0.0000000 0.0000000 -0.5000000 -3.0000000 10.5000000 0.1500242
-0.5000000 -0.5000000 -0.5000000 0.0000000 2.5000000 2.0000000 0.1500242
-0.5000000 0.0000000 0.0000000 0.5000000 -3.0000000 5.5000000 0.1500242
0.4999245 -0.4999245 0.4999245 0.4999245 2.4996225 2.4994715 0.27496375
-0.4999245 0.4999245 -0.4999245 -0.4999245 -2.4996225 7.5005285 0.27496375
}

008061a {; Anthony Hanmer 18/1/2007, Designed with BRAZIL
0.5000000 0.0000000 0.0000000 -0.5000000 -3.0000000 10.5000000 0.1500242
-0.5000000 -0.5000000 -0.5000000 0.0000000 2.5000000 2.0000000 0.1500242
-0.5000000 0.0000000 0.0000000 0.5000000 3.0000000 5.5000000 0.1500242
0.4999245 -0.4999245 0.4999245 0.4999245 2.4996225 2.4994715 0.27496375
-0.4999245 0.4999245 -0.4999245 -0.4999245 -2.4996225 7.5005285 0.27496375
}

008062a {; Anthony Hanmer 18/1/2007, Designed with BRAZIL
0.5000000 0.0000000 0.0000000 -0.5000000 -3.0000000 10.5000000 0.1500242
-0.5000000 -0.5000000 -0.5000000 0.0000000 2.5000000 2.0000000 0.1500242
-0.5000000 0.0000000 0.0000000 0.5000000 3.0000000 -0.5000000 0.1500242
0.4999245 -0.4999245 0.4999245 0.4999245 2.4996225 2.4994715 0.27496375
-0.4999245 0.4999245 -0.4999245 -0.4999245 -2.4996225 7.5005285 0.27496375
}

008063a {; Anthony Hanmer 18/1/2007, Designed with BRAZIL
0.5000000 0.0000000 0.0000000 -0.5000000 -3.0000000 10.5000000 0.1500242
-0.5000000 -0.5000000 -0.5000000 0.0000000 2.5000000 2.0000000 0.1500242
-0.5000000 0.0000000 0.0000000 0.5000000 -3.0000000 -0.5000000 0.1500242
0.4999245 -0.4999245 0.4999245 0.4999245 2.4996225 2.4994715 0.27496375
-0.4999245 0.4999245 -0.4999245 -0.4999245 -2.4996225 7.5005285 0.27496375
}

008064a {; Anthony Hanmer 18/1/2007, Designed with BRAZIL
0.5000000 0.0000000 0.0000000 -0.5000000 -3.0000000 10.5000000 0.1500242
-0.5000000 -0.5000000 -0.5000000 0.0000000 2.5000000 2.0000000 0.1500242
0.5000000 0.0000000 0.0000000 0.5000000 3.0000000 -0.5000000 0.1500242
0.4999245 -0.4999245 0.4999245 0.4999245 2.4996225 2.4994715 0.27496375
-0.4999245 0.4999245 -0.4999245 -0.4999245 -2.4996225 7.5005285 0.27496375
}

008065a {; Anthony Hanmer 18/1/2007, Designed with BRAZIL
0.5000000 0.0000000 0.0000000 -0.5000000 -3.0000000 10.5000000 0.1500242
-0.5000000 -0.5000000 -0.5000000 0.0000000 2.5000000 2.0000000 0.1500242
0.5000000 0.0000000 0.0000000 0.5000000 3.0000000 5.5000000 0.1500242
0.4999245 -0.4999245 0.4999245 0.4999245 2.4996225 2.4994715 0.27496375
-0.4999245 0.4999245 -0.4999245 -0.4999245 -2.4996225 7.5005285 0.27496375
}

008066a {; Anthony Hanmer 18/1/2007, Designed with BRAZIL
0.5000000 0.0000000 0.0000000 -0.5000000 -3.0000000 10.5000000 0.1500242
-0.5000000 -0.5000000 -0.5000000 0.0000000 2.5000000 2.0000000 0.1500242
0.5000000 0.0000000 0.0000000 0.5000000 -3.0000000 5.5000000 0.1500242
0.4999245 -0.4999245 0.4999245 0.4999245 2.4996225 2.4994715 0.27496375
-0.4999245 0.4999245 -0.4999245 -0.4999245 -2.4996225 7.5005285 0.27496375
}

008067a {; Anthony Hanmer 18/1/2007, Designed with BRAZIL
0.5000000 0.0000000 0.0000000 -0.5000000 -3.0000000 10.5000000 0.1500242
-0.5000000 -0.5000000 -0.5000000 0.0000000 2.5000000 2.0000000 0.1500242
0.5000000 0.0000000 0.0000000 0.5000000 -3.0000000 -0.5000000 0.1500242
0.4999245 -0.4999245 0.4999245 0.4999245 2.4996225 2.4994715 0.27496375
-0.4999245 0.4999245 -0.4999245 -0.4999245 -2.4996225 7.5005285 0.27496375
}

008068a {; Anthony Hanmer 18/1/2007, Designed with BRAZIL
0.5000000 0.0000000 0.0000000 -0.5000000 -3.0000000 10.5000000 0.1500242
-0.5000000 -0.5000000 -0.5000000 0.0000000 2.5000000 2.0000000 0.1500242
0.0000000 0.5000000 -0.5000000 0.0000000 -5.5000000 2.0000000 0.1500242
0.4999245 -0.4999245 0.4999245 0.4999245 2.4996225 2.4994715 0.27496375
-0.4999245 0.4999245 -0.4999245 -0.4999245 -2.4996225 7.5005285 0.27496375
}

008069a {; Anthony Hanmer 18/1/2007, Designed with BRAZIL
0.5000000 0.0000000 0.0000000 -0.5000000 -3.0000000 10.5000000 0.1500242
-0.5000000 -0.5000000 -0.5000000 0.0000000 2.5000000 2.0000000 0.1500242
0.0000000 0.5000000 -0.5000000 0.0000000 0.5000000 2.0000000 0.1500242
0.4999245 -0.4999245 0.4999245 0.4999245 2.4996225 2.4994715 0.27496375
-0.4999245 0.4999245 -0.4999245 -0.4999245 -2.4996225 7.5005285 0.27496375
}

008070a {; Anthony Hanmer 18/1/2007, Designed with BRAZIL
0.5000000 0.0000000 0.0000000 -0.5000000 -3.0000000 10.5000000 0.1500242
-0.5000000 -0.5000000 -0.5000000 0.0000000 2.5000000 2.0000000 0.1500242
0.0000000 0.5000000 -0.5000000 0.0000000 0.5000000 8.0000000 0.1500242
0.4999245 -0.4999245 0.4999245 0.4999245 2.4996225 2.4994715 0.27496375
-0.4999245 0.4999245 -0.4999245 -0.4999245 -2.4996225 7.5005285 0.27496375
}

008071a {; Anthony Hanmer 18/1/2007, Designed with BRAZIL
0.5000000 0.0000000 0.0000000 -0.5000000 -3.0000000 10.5000000 0.1500242
-0.5000000 -0.5000000 -0.5000000 0.0000000 2.5000000 2.0000000 0.1500242
0.0000000 0.5000000 -0.5000000 0.0000000 -5.5000000 8.0000000 0.1500242
0.4999245 -0.4999245 0.4999245 0.4999245 2.4996225 2.4994715 0.27496375
-0.4999245 0.4999245 -0.4999245 -0.4999245 -2.4996225 7.5005285 0.27496375
}

008072a {; Anthony Hanmer 18/1/2007, Designed with BRAZIL
0.5000000 0.0000000 0.0000000 -0.5000000 -3.0000000 10.5000000 0.1500242
-0.5000000 -0.5000000 -0.5000000 0.0000000 2.5000000 2.0000000 0.1500242
0.5000000 0.0000000 0.0000000 -0.5000000 -3.0000000 10.5000000 0.1500242
0.4999245 -0.4999245 0.4999245 0.4999245 2.4996225 2.4994715 0.27496375
-0.4999245 0.4999245 -0.4999245 -0.4999245 -2.4996225 7.5005285 0.27496375
}

008073a {; Anthony Hanmer 18/1/2007, Designed with BRAZIL
0.5000000 0.0000000 0.0000000 -0.5000000 -3.0000000 10.5000000 0.1500242
-0.5000000 -0.5000000 -0.5000000 0.0000000 2.5000000 2.0000000 0.1500242
0.0000000 0.5000000 0.5000000 0.0000000 0.5000000 8.0000000 0.1500242
0.4999245 -0.4999245 0.4999245 0.4999245 2.4996225 2.4994715 0.27496375
-0.4999245 0.4999245 -0.4999245 -0.4999245 -2.4996225 7.5005285 0.27496375
}

008074a {; Anthony Hanmer 18/1/2007, Designed with BRAZIL
0.5000000 0.0000000 0.0000000 -0.5000000 -3.0000000 10.5000000 0.1500242
-0.5000000 -0.5000000 -0.5000000 0.0000000 2.5000000 2.0000000 0.1500242
0.0000000 0.5000000 0.5000000 0.0000000 0.5000000 2.0000000 0.1500242
0.4999245 -0.4999245 0.4999245 0.4999245 2.4996225 2.4994715 0.27496375
-0.4999245 0.4999245 -0.4999245 -0.4999245 -2.4996225 7.5005285 0.27496375
}

008075a {; Anthony Hanmer 18/1/2007, Designed with BRAZIL
0.5000000 0.0000000 0.0000000 -0.5000000 -3.0000000 10.5000000 0.1500242
-0.5000000 -0.5000000 -0.5000000 0.0000000 2.5000000 2.0000000 0.1500242
0.0000000 0.5000000 0.5000000 0.0000000 -5.5000000 2.0000000 0.1500242
0.4999245 -0.4999245 0.4999245 0.4999245 2.4996225 2.4994715 0.27496375
-0.4999245 0.4999245 -0.4999245 -0.4999245 -2.4996225 7.5005285 0.27496375
}

008076a {; Anthony Hanmer 18/1/2007, Designed with BRAZIL
0.5000000 0.0000000 0.0000000 -0.5000000 -3.0000000 10.5000000 0.1500242
-0.5000000 -0.5000000 -0.5000000 0.0000000 2.5000000 2.0000000 0.1500242
0.0000000 -0.5000000 0.5000000 0.0000000 -0.5000000 2.0000000 0.1500242
0.4999245 -0.4999245 0.4999245 0.4999245 2.4996225 2.4994715 0.27496375
-0.4999245 0.4999245 -0.4999245 -0.4999245 -2.4996225 7.5005285 0.27496375
}

008077a {; Anthony Hanmer 18/1/2007, Designed with BRAZIL
0.5000000 0.0000000 0.0000000 -0.5000000 -3.0000000 10.5000000 0.1500242
-0.5000000 -0.5000000 -0.5000000 0.0000000 2.5000000 2.0000000 0.1500242
0.0000000 -0.5000000 0.5000000 0.0000000 5.5000000 2.0000000 0.1500242
0.4999245 -0.4999245 0.4999245 0.4999245 2.4996225 2.4994715 0.27496375
-0.4999245 0.4999245 -0.4999245 -0.4999245 -2.4996225 7.5005285 0.27496375
}

008078a {; Anthony Hanmer 18/1/2007, Designed with BRAZIL
0.5000000 0.0000000 0.0000000 -0.5000000 -3.0000000 10.5000000 0.1500242
-0.5000000 -0.5000000 -0.5000000 0.0000000 2.5000000 2.0000000 0.1500242
0.0000000 -0.5000000 0.5000000 0.0000000 5.5000000 8.0000000 0.1500242
0.4999245 -0.4999245 0.4999245 0.4999245 2.4996225 2.4994715 0.27496375
-0.4999245 0.4999245 -0.4999245 -0.4999245 -2.4996225 7.5005285 0.27496375
}

008079a {; Anthony Hanmer 18/1/2007, Designed with BRAZIL
0.5000000 0.0000000 0.0000000 -0.5000000 -3.0000000 10.5000000 0.1500242
-0.5000000 -0.5000000 -0.5000000 0.0000000 2.5000000 2.0000000 0.1500242
0.0000000 -0.5000000 0.5000000 0.0000000 -0.5000000 8.0000000 0.1500242
0.4999245 -0.4999245 0.4999245 0.4999245 2.4996225 2.4994715 0.27496375
-0.4999245 0.4999245 -0.4999245 -0.4999245 -2.4996225 7.5005285 0.27496375
}

008080a {; Anthony Hanmer 18/1/2007, Designed with BRAZIL
0.5000000 0.0000000 0.0000000 -0.5000000 -3.0000000 10.5000000 0.1500242
-0.5000000 -0.5000000 -0.5000000 0.0000000 2.5000000 2.0000000 0.1500242
0.0000000 -0.5000000 -0.5000000 0.0000000 -0.5000000 2.0000000 0.1500242
0.4999245 -0.4999245 0.4999245 0.4999245 2.4996225 2.4994715 0.27496375
-0.4999245 0.4999245 -0.4999245 -0.4999245 -2.4996225 7.5005285 0.27496375
}

008081a {; Anthony Hanmer 18/1/2007, Designed with BRAZIL
0.5000000 0.0000000 0.0000000 -0.5000000 -3.0000000 10.5000000 0.1500242
-0.5000000 -0.5000000 -0.5000000 0.0000000 2.5000000 2.0000000 0.1500242
0.0000000 -0.5000000 -0.5000000 0.0000000 5.5000000 2.0000000 0.1500242
0.4999245 -0.4999245 0.4999245 0.4999245 2.4996225 2.4994715 0.27496375
-0.4999245 0.4999245 -0.4999245 -0.4999245 -2.4996225 7.5005285 0.27496375
}

008082a {; Anthony Hanmer 18/1/2007, Designed with BRAZIL
0.5000000 0.0000000 0.0000000 -0.5000000 -3.0000000 10.5000000 0.1500242
-0.5000000 -0.5000000 -0.5000000 0.0000000 2.5000000 2.0000000 0.1500242
0.0000000 -0.5000000 -0.5000000 0.0000000 5.5000000 8.0000000 0.1500242
0.4999245 -0.4999245 0.4999245 0.4999245 2.4996225 2.4994715 0.27496375
-0.4999245 0.4999245 -0.4999245 -0.4999245 -2.4996225 7.5005285 0.27496375
}

008083a {; Anthony Hanmer 18/1/2007, Designed with BRAZIL
0.5000000 0.0000000 0.0000000 -0.5000000 -3.0000000 10.5000000 0.1500242
-0.5000000 -0.5000000 -0.5000000 0.0000000 2.5000000 2.0000000 0.1500242
0.0000000 -0.5000000 -0.5000000 0.0000000 -0.5000000 8.0000000 0.1500242
0.4999245 -0.4999245 0.4999245 0.4999245 2.4996225 2.4994715 0.27496375
-0.4999245 0.4999245 -0.4999245 -0.4999245 -2.4996225 7.5005285 0.27496375
}

008084a {; Anthony Hanmer 18/1/2007, Designed with BRAZIL
0.5000000 0.0000000 0.0000000 -0.5000000 -3.0000000 10.5000000 0.1500242
-0.5000000 -0.5000000 -0.5000000 0.0000000 2.5000000 2.0000000 0.1500242
0.6728164 0.0064108 0.0000000 0.3715724 -1.9566910 6.8955724 0.1500242
0.4999245 -0.4999245 0.4999245 0.4999245 2.4996225 2.4994715 0.27496375
-0.4999245 0.4999245 -0.4999245 -0.4999245 -2.4996225 7.5005285 0.27496375
}

008085a {; Anthony Hanmer 18/1/2007, Designed with BRAZIL
0.5000000 0.0000000 0.0000000 -0.5000000 -3.0000000 10.5000000 0.1500242
-0.5000000 -0.5000000 -0.5000000 0.0000000 2.5000000 2.0000000 0.1500242
0.6728164 0.0064108 0.0000000 0.3715724 1.8953090 6.8955724 0.1500242
0.4999245 -0.4999245 0.4999245 0.4999245 2.4996225 2.4994715 0.27496375
-0.4999245 0.4999245 -0.4999245 -0.4999245 -2.4996225 7.5005285 0.27496375
}

008086a {; Anthony Hanmer 18/1/2007, Designed with BRAZIL
0.5000000 0.0000000 0.0000000 -0.5000000 -3.0000000 10.5000000 0.1500242
-0.5000000 -0.5000000 -0.5000000 0.0000000 2.5000000 2.0000000 0.1500242
0.6728164 0.0064108 0.0000000 0.3715724 1.8953090 -0.6284276 0.1500242
0.4999245 -0.4999245 0.4999245 0.4999245 2.4996225 2.4994715 0.27496375
-0.4999245 0.4999245 -0.4999245 -0.4999245 -2.4996225 7.5005285 0.27496375
}

008087a {; Anthony Hanmer 18/1/2007, Designed with BRAZIL
0.5000000 0.0000000 0.0000000 -0.5000000 -3.0000000 10.5000000 0.1500242
-0.5000000 -0.5000000 -0.5000000 0.0000000 2.5000000 2.0000000 0.1500242
0.6728164 0.0064108 0.0000000 0.3715724 -1.9566910 -0.6284276 0.1500242
0.4999245 -0.4999245 0.4999245 0.4999245 2.4996225 2.4994715 0.27496375
-0.4999245 0.4999245 -0.4999245 -0.4999245 -2.4996225 7.5005285 0.27496375
}

008088a {; Anthony Hanmer 18/1/2007, Designed with BRAZIL
0.5000000 0.0000000 0.0000000 -0.5000000 -3.0000000 10.5000000 0.1500242
-0.5000000 -0.5000000 -0.5000000 0.0000000 2.5000000 2.0000000 0.1500242
-0.6728164 0.0064108 0.0000000 0.3715724 -1.9304874 -0.6284276 0.1500242
0.4999245 -0.4999245 0.4999245 0.4999245 2.4996225 2.4994715 0.27496375
-0.4999245 0.4999245 -0.4999245 -0.4999245 -2.4996225 7.5005285 0.27496375
}

008089a {; Anthony Hanmer 18/1/2007, Designed with BRAZIL
0.5000000 0.0000000 0.0000000 -0.5000000 -3.0000000 10.5000000 0.1500242
-0.5000000 -0.5000000 -0.5000000 0.0000000 2.5000000 2.0000000 0.1500242
-0.6728164 -0.0082518 0.0000000 0.3715724 1.9548501 -0.6284276 0.1500242
0.4999245 -0.4999245 0.4999245 0.4999245 2.4996225 2.4994715 0.27496375
