013993a {; Anthony Hanmer 18/1/2007, Designed with BRAZIL
0.0000000 -0.5000000 -0.5000000 0.0000000 -0.5000000 2.0000000 0.1500242
-0.5000000 0.5000000 -0.5000000 0.0000000 -2.5000000 8.0000000 0.1500242
0.0000000 -0.3715724 0.6728164 0.0064108 5.6284276 6.9073090 0.1500242
0.4999245 -0.4999245 0.4999245 0.4999245 2.4996225 2.4994715 0.27496375
-0.4999245 0.4999245 -0.4999245 -0.4999245 -2.4996225 7.5005285 0.27496375
}

013994a {; Anthony Hanmer 18/1/2007, Designed with BRAZIL
0.0000000 -0.5000000 -0.5000000 0.0000000 -0.5000000 2.0000000 0.1500242
-0.5000000 0.5000000 -0.5000000 0.0000000 -2.5000000 8.0000000 0.1500242
0.0000000 -0.3715724 0.6728164 -0.0082518 -1.8955724 6.9406464 0.1500242
0.4999245 -0.4999245 0.4999245 0.4999245 2.4996225 2.4994715 0.27496375
-0.4999245 0.4999245 -0.4999245 -0.4999245 -2.4996225 7.5005285 0.27496375
}

013995a {; Anthony Hanmer 18/1/2007, Designed with BRAZIL
0.0000000 -0.5000000 -0.5000000 0.0000000 -0.5000000 2.0000000 0.1500242
-0.5000000 0.5000000 -0.5000000 0.0000000 -2.5000000 8.0000000 0.1500242
0.0000000 0.3715724 0.6728164 -0.0064108 1.9315724 6.9544874 0.1500242
0.4999245 -0.4999245 0.4999245 0.4999245 2.4996225 2.4994715 0.27496375
-0.4999245 0.4999245 -0.4999245 -0.4999245 -2.4996225 7.5005285 0.27496375
}

013996a {; Anthony Hanmer 18/1/2007, Designed with BRAZIL
0.0000000 -0.5000000 -0.5000000 0.0000000 -0.5000000 2.0000000 0.1500242
-0.5000000 0.5000000 -0.5000000 0.0000000 -2.5000000 8.0000000 0.1500242
0.0000000 0.3715724 0.6728164 0.0082518 1.9195724 3.0451499 0.1500242
0.4999245 -0.4999245 0.4999245 0.4999245 2.4996225 2.4994715 0.27496375
-0.4999245 0.4999245 -0.4999245 -0.4999245 -2.4996225 7.5005285 0.27496375
}

013997a {; Anthony Hanmer 18/1/2007, Designed with BRAZIL
0.0000000 -0.5000000 -0.5000000 0.0000000 -0.5000000 2.0000000 0.1500242
-0.5000000 0.5000000 -0.5000000 0.0000000 -2.5000000 8.0000000 0.1500242
0.0000000 0.3715724 0.6728164 0.0082518 -5.6284276 3.0451499 0.1500242
0.4999245 -0.4999245 0.4999245 0.4999245 2.4996225 2.4994715 0.27496375
-0.4999245 0.4999245 -0.4999245 -0.4999245 -2.4996225 7.5005285 0.27496375
}

013998a {; Anthony Hanmer 18/1/2007, Designed with BRAZIL
0.0000000 -0.5000000 -0.5000000 0.0000000 -0.5000000 2.0000000 0.1500242
-0.5000000 0.5000000 -0.5000000 0.0000000 -2.5000000 8.0000000 0.1500242
0.0000000 0.3715724 -0.6728164 0.0082518 -5.6284276 3.0353536 0.1500242
0.4999245 -0.4999245 0.4999245 0.4999245 2.4996225 2.4994715 0.27496375
-0.4999245 0.4999245 -0.4999245 -0.4999245 -2.4996225 7.5005285 0.27496375
}

013999a {; Anthony Hanmer 18/1/2007, Designed with BRAZIL
0.0000000 -0.5000000 -0.5000000 0.0000000 -0.5000000 2.0000000 0.1500242
-0.5000000 0.5000000 -0.5000000 0.0000000 -2.5000000 8.0000000 0.1500242
0.0000000 0.3715724 -0.6728164 0.0082518 1.9195724 3.0353536 0.1500242
0.4999245 -0.4999245 0.4999245 0.4999245 2.4996225 2.4994715 0.27496375
-0.4999245 0.4999245 -0.4999245 -0.4999245 -2.4996225 7.5005285 0.27496375
}

014000a {; Anthony Hanmer 18/1/2007, Designed with BRAZIL
0.0000000 0.5000000 -0.5000000 0.0000000 -5.5000000 8.0000000 0.1500242
-0.5000000 0.5000000 -0.5000000 0.0000000 -2.5000000 8.0000000 0.1500242
0.6728164 0.0064108 0.0000000 0.3715724 -1.9566910 -0.6284276 0.1500242
0.4999245 -0.4999245 0.4999245 0.4999245 2.4996225 2.4994715 0.27496375
-0.4999245 0.4999245 -0.4999245 -0.4999245 -2.4996225 7.5005285 0.27496375
}

014001a {; Anthony Hanmer 18/1/2007, Designed with BRAZIL
0.0000000 0.5000000 -0.5000000 0.0000000 -5.5000000 8.0000000 0.1500242
-0.5000000 0.5000000 -0.5000000 0.0000000 -2.5000000 8.0000000 0.1500242
0.5000000 -0.5000000 0.0000000 -0.5000000 2.5000000 4.5000000 0.1500242
0.4999245 -0.4999245 0.4999245 0.4999245 2.4996225 2.4994715 0.27496375
-0.4999245 0.4999245 -0.4999245 -0.4999245 -2.4996225 7.5005285 0.27496375
}

014002a {; Anthony Hanmer 18/1/2007, Designed with BRAZIL
0.0000000 0.5000000 -0.5000000 0.0000000 -5.5000000 8.0000000 0.1500242
-0.5000000 0.5000000 -0.5000000 0.0000000 -2.5000000 8.0000000 0.1500242
0.5000000 0.5000000 0.0000000 -0.5000000 -2.5000000 4.5000000 0.1500242
0.4999245 -0.4999245 0.4999245 0.4999245 2.4996225 2.4994715 0.27496375
-0.4999245 0.4999245 -0.4999245 -0.4999245 -2.4996225 7.5005285 0.27496375
}

014003a {; Anthony Hanmer 18/1/2007, Designed with BRAZIL
0.0000000 0.5000000 -0.5000000 0.0000000 -5.5000000 8.0000000 0.1500242
-0.5000000 0.5000000 -0.5000000 0.0000000 -2.5000000 8.0000000 0.1500242
0.5000000 0.5000000 0.5000000 0.0000000 -2.5000000 2.0000000 0.1500242
0.4999245 -0.4999245 0.4999245 0.4999245 2.4996225 2.4994715 0.27496375
-0.4999245 0.4999245 -0.4999245 -0.4999245 -2.4996225 7.5005285 0.27496375
}

014004a {; Anthony Hanmer 18/1/2007, Designed with BRAZIL
0.0000000 0.5000000 -0.5000000 0.0000000 -5.5000000 8.0000000 0.1500242
-0.5000000 0.5000000 -0.5000000 0.0000000 -2.5000000 8.0000000 0.1500242
0.5000000 0.0000000 0.5000000 -0.5000000 -3.0000000 7.5000000 0.1500242
0.4999245 -0.4999245 0.4999245 0.4999245 2.4996225 2.4994715 0.27496375
-0.4999245 0.4999245 -0.4999245 -0.4999245 -2.4996225 7.5005285 0.27496375
}

014005a {; Anthony Hanmer 18/1/2007, Designed with BRAZIL
0.0000000 0.5000000 -0.5000000 0.0000000 -5.5000000 8.0000000 0.1500242
-0.5000000 0.5000000 -0.5000000 0.0000000 -2.5000000 8.0000000 0.1500242
0.5000000 0.0000000 -0.5000000 -0.5000000 -3.0000000 7.5000000 0.1500242
0.4999245 -0.4999245 0.4999245 0.4999245 2.4996225 2.4994715 0.27496375
-0.4999245 0.4999245 -0.4999245 -0.4999245 -2.4996225 7.5005285 0.27496375
}

014006a {; Anthony Hanmer 18/1/2007, Designed with BRAZIL
0.0000000 0.5000000 -0.5000000 0.0000000 -5.5000000 8.0000000 0.1500242
-0.5000000 0.5000000 -0.5000000 0.0000000 -2.5000000 8.0000000 0.1500242
0.5000000 0.0000000 -0.5000000 -0.5000000 3.0000000 7.5000000 0.1500242
0.4999245 -0.4999245 0.4999245 0.4999245 2.4996225 2.4994715 0.27496375
-0.4999245 0.4999245 -0.4999245 -0.4999245 -2.4996225 7.5005285 0.27496375
}

014007a {; Anthony Hanmer 18/1/2007, Designed with BRAZIL
0.0000000 0.5000000 -0.5000000 0.0000000 -5.5000000 8.0000000 0.1500242
-0.5000000 0.5000000 -0.5000000 0.0000000 -2.5000000 8.0000000 0.1500242
0.5000000 -0.5000000 -0.5000000 0.0000000 2.5000000 8.0000000 0.1500242
0.4999245 -0.4999245 0.4999245 0.4999245 2.4996225 2.4994715 0.27496375
-0.4999245 0.4999245 -0.4999245 -0.4999245 -2.4996225 7.5005285 0.27496375
}

014008a {; Anthony Hanmer 18/1/2007, Designed with BRAZIL
0.0000000 0.5000000 -0.5000000 0.0000000 -5.5000000 8.0000000 0.1500242
-0.5000000 0.5000000 -0.5000000 0.0000000 -2.5000000 8.0000000 0.1500242
0.5000000 -0.5000000 -0.5000000 0.0000000 2.5000000 2.0000000 0.1500242
0.4999245 -0.4999245 0.4999245 0.4999245 2.4996225 2.4994715 0.27496375
-0.4999245 0.4999245 -0.4999245 -0.4999245 -2.4996225 7.5005285 0.27496375
}

014009a {; Anthony Hanmer 18/1/2007, Designed with BRAZIL
0.0000000 0.5000000 -0.5000000 0.0000000 -5.5000000 8.0000000 0.1500242
-0.5000000 0.5000000 -0.5000000 0.0000000 -2.5000000 8.0000000 0.1500242
-0.5000000 -0.5000000 0.0000000 -0.5000000 2.5000000 4.5000000 0.1500242
0.4999245 -0.4999245 0.4999245 0.4999245 2.4996225 2.4994715 0.27496375
-0.4999245 0.4999245 -0.4999245 -0.4999245 -2.4996225 7.5005285 0.27496375
}

014010a {; Anthony Hanmer 18/1/2007, Designed with BRAZIL
0.0000000 0.5000000 -0.5000000 0.0000000 -5.5000000 8.0000000 0.1500242
-0.5000000 0.5000000 -0.5000000 0.0000000 -2.5000000 8.0000000 0.1500242
-0.5000000 -0.5000000 0.0000000 -0.5000000 2.5000000 10.5000000 0.1500242
0.4999245 -0.4999245 0.4999245 0.4999245 2.4996225 2.4994715 0.27496375
-0.4999245 0.4999245 -0.4999245 -0.4999245 -2.4996225 7.5005285 0.27496375
}

014011a {; Anthony Hanmer 18/1/2007, Designed with BRAZIL
0.0000000 0.5000000 -0.5000000 0.0000000 -5.5000000 8.0000000 0.1500242
-0.5000000 0.5000000 -0.5000000 0.0000000 -2.5000000 8.0000000 0.1500242
-0.5000000 0.5000000 0.0000000 0.5000000 -2.5000000 5.5000000 0.1500242
0.4999245 -0.4999245 0.4999245 0.4999245 2.4996225 2.4994715 0.27496375
-0.4999245 0.4999245 -0.4999245 -0.4999245 -2.4996225 7.5005285 0.27496375
}

014012a {; Anthony Hanmer 18/1/2007, Designed with BRAZIL
0.0000000 0.5000000 -0.5000000 0.0000000 -5.5000000 8.0000000 0.1500242
-0.5000000 0.5000000 -0.5000000 0.0000000 -2.5000000 8.0000000 0.1500242
-0.5000000 0.5000000 0.0000000 0.5000000 -2.5000000 -0.5000000 0.1500242
0.4999245 -0.4999245 0.4999245 0.4999245 2.4996225 2.4994715 0.27496375
-0.4999245 0.4999245 -0.4999245 -0.4999245 -2.4996225 7.5005285 0.27496375
}

014013a {; Anthony Hanmer 18/1/2007, Designed with BRAZIL
0.0000000 0.5000000 -0.5000000 0.0000000 -5.5000000 8.0000000 0.1500242
-0.5000000 0.5000000 -0.5000000 0.0000000 -2.5000000 8.0000000 0.1500242
0.5000000 0.5000000 0.0000000 0.5000000 -2.5000000 -0.5000000 0.1500242
0.4999245 -0.4999245 0.4999245 0.4999245 2.4996225 2.4994715 0.27496375
-0.4999245 0.4999245 -0.4999245 -0.4999245 -2.4996225 7.5005285 0.27496375
}

014014a {; Anthony Hanmer 18/1/2007, Designed with BRAZIL
0.0000000 0.5000000 -0.5000000 0.0000000 -5.5000000 8.0000000 0.1500242
-0.5000000 0.5000000 -0.5000000 0.0000000 -2.5000000 8.0000000 0.1500242
0.5000000 0.5000000 0.0000000 0.5000000 -2.5000000 5.5000000 0.1500242
0.4999245 -0.4999245 0.4999245 0.4999245 2.4996225 2.4994715 0.27496375
-0.4999245 0.4999245 -0.4999245 -0.4999245 -2.4996225 7.5005285 0.27496375
}

014015a {; Anthony Hanmer 18/1/2007, Designed with BRAZIL
0.0000000 0.5000000 -0.5000000 0.0000000 -5.5000000 8.0000000 0.1500242
-0.5000000 0.5000000 -0.5000000 0.0000000 -2.5000000 8.0000000 0.1500242
0.0000000 -0.5000000 -0.5000000 0.5000000 -0.5000000 2.5000000 0.1500242
0.4999245 -0.4999245 0.4999245 0.4999245 2.4996225 2.4994715 0.27496375
-0.4999245 0.4999245 -0.4999245 -0.4999245 -2.4996225 7.5005285 0.27496375
}

014016a {; Anthony Hanmer 18/1/2007, Designed with BRAZIL
0.0000000 0.5000000 -0.5000000 0.0000000 -5.5000000 8.0000000 0.1500242
-0.5000000 0.5000000 -0.5000000 0.0000000 -2.5000000 8.0000000 0.1500242
0.0000000 -0.5000000 -0.5000000 0.5000000 5.5000000 2.5000000 0.1500242
0.4999245 -0.4999245 0.4999245 0.4999245 2.4996225 2.4994715 0.27496375
-0.4999245 0.4999245 -0.4999245 -0.4999245 -2.4996225 7.5005285 0.27496375
}

014017a {; Anthony Hanmer 18/1/2007, Designed with BRAZIL
0.0000000 0.5000000 -0.5000000 0.0000000 -5.5000000 8.0000000 0.1500242
-0.5000000 0.5000000 -0.5000000 0.0000000 -2.5000000 8.0000000 0.1500242
0.0000000 -0.5000000 0.5000000 0.5000000 5.5000000 2.5000000 0.1500242
0.4999245 -0.4999245 0.4999245 0.4999245 2.4996225 2.4994715 0.27496375
-0.4999245 0.4999245 -0.4999245 -0.4999245 -2.4996225 7.5005285 0.27496375
}

014018a {; Anthony Hanmer 18/1/2007, Designed with BRAZIL
0.0000000 0.5000000 -0.5000000 0.0000000 -5.5000000 8.0000000 0.1500242
-0.5000000 0.5000000 -0.5000000 0.0000000 -2.5000000 8.0000000 0.1500242
0.0000000 -0.5000000 0.5000000 0.5000000 -0.5000000 2.5000000 0.1500242
0.4999245 -0.4999245 0.4999245 0.4999245 2.4996225 2.4994715 0.27496375
-0.4999245 0.4999245 -0.4999245 -0.4999245 -2.4996225 7.5005285 0.27496375
}

014019a {; Anthony Hanmer 18/1/2007, Designed with BRAZIL
0.0000000 0.5000000 -0.5000000 0.0000000 -5.5000000 8.0000000 0.1500242
-0.5000000 0.5000000 -0.5000000 0.0000000 -2.5000000 8.0000000 0.1500242
0.0000000 0.5000000 0.5000000 -0.5000000 0.5000000 7.5000000 0.1500242
0.4999245 -0.4999245 0.4999245 0.4999245 2.4996225 2.4994715 0.27496375
-0.4999245 0.4999245 -0.4999245 -0.4999245 -2.4996225 7.5005285 0.27496375
}

014020a {; Anthony Hanmer 18/1/2007, Designed with BRAZIL
0.0000000 0.5000000 -0.5000000 0.0000000 -5.5000000 8.0000000 0.1500242
-0.5000000 0.5000000 -0.5000000 0.0000000 -2.5000000 8.0000000 0.1500242
0.0000000 0.5000000 0.5000000 -0.5000000 -5.5000000 7.5000000 0.1500242
0.4999245 -0.4999245 0.4999245 0.4999245 2.4996225 2.4994715 0.27496375
-0.4999245 0.4999245 -0.4999245 -0.4999245 -2.4996225 7.5005285 0.27496375
}

014021a {; Anthony Hanmer 18/1/2007, Designed with BRAZIL
0.0000000 0.5000000 -0.5000000 0.0000000 -5.5000000 8.0000000 0.1500242
-0.5000000 0.5000000 -0.5000000 0.0000000 -2.5000000 8.0000000 0.1500242
0.0000000 0.5000000 -0.5000000 -0.5000000 -5.5000000 7.5000000 0.1500242
0.4999245 -0.4999245 0.4999245 0.4999245 2.4996225 2.4994715 0.27496375
-0.4999245 0.4999245 -0.4999245 -0.4999245 -2.4996225 7.5005285 0.27496375
}

014022a {; Anthony Hanmer 18/1/2007, Designed with BRAZIL
0.0000000 0.5000000 -0.5000000 0.0000000 -5.5000000 8.0000000 0.1500242
-0.5000000 0.5000000 -0.5000000 0.0000000 -2.5000000 8.0000000 0.1500242
0.0000000 0.5000000 -0.5000000 -0.5000000 0.5000000 7.5000000 0.1500242
0.4999245 -0.4999245 0.4999245 0.4999245 2.4996225 2.4994715 0.27496375
-0.4999245 0.4999245 -0.4999245 -0.4999245 -2.4996225 7.5005285 0.27496375
}

014023a {; Anthony Hanmer 18/1/2007, Designed with BRAZIL
0.0000000 0.5000000 -0.5000000 0.0000000 -5.5000000 8.0000000 0.1500242
-0.5000000 0.5000000 -0.5000000 0.0000000 -2.5000000 8.0000000 0.1500242
-0.5000000 0.5000000 0.0000000 0.5000000 -2.5000000 5.5000000 0.1500242
0.4999245 -0.4999245 0.4999245 0.4999245 2.4996225 2.4994715 0.27496375
-0.4999245 0.4999245 -0.4999245 -0.4999245 -2.4996225 7.5005285 0.27496375
}

014024a {; Anthony Hanmer 18/1/2007, Designed with BRAZIL
0.0000000 0.5000000 -0.5000000 0.0000000 -5.5000000 8.0000000 0.1500242
-0.5000000 0.5000000 -0.5000000 0.0000000 -2.5000000 8.0000000 0.1500242
-0.5000000 -0.5000000 0.5000000 0.0000000 2.5000000 8.0000000 0.1500242
0.4999245 -0.4999245 0.4999245 0.4999245 2.4996225 2.4994715 0.27496375
-0.4999245 0.4999245 -0.4999245 -0.4999245 -2.4996225 7.5005285 0.27496375
}

014025a {; Anthony Hanmer 18/1/2007, Designed with BRAZIL
0.0000000 0.5000000 -0.5000000 0.0000000 -5.5000000 8.0000000 0.1500242
-0.5000000 0.5000000 -0.5000000 0.0000000 -2.5000000 8.0000000 0.1500242
-0.5000000 -0.5000000 0.5000000 0.0000000 2.5000000 2.0000000 0.1500242
0.4999245 -0.4999245 0.4999245 0.4999245 2.4996225 2.4994715 0.27496375
-0.4999245 0.4999245 -0.4999245 -0.4999245 -2.4996225 7.5005285 0.27496375
}

014026a {; Anthony Hanmer 18/1/2007, Designed with BRAZIL
0.0000000 0.5000000 -0.5000000 0.0000000 -5.5000000 8.0000000 0.1500242
-0.5000000 0.5000000 -0.5000000 0.0000000 -2.5000000 8.0000000 0.1500242
-0.6728164 0.0064108 0.0000000 0.3715724 -1.9304874 -0.6284276 0.1500242
0.4999245 -0.4999245 0.4999245 0.4999245 2.4996225 2.4994715 0.27496375
-0.4999245 0.4999245 -0.4999245 -0.4999245 -2.4996225 7.5005285 0.27496375
}

014027a {; Anthony Hanmer 18/1/2007, Designed with BRAZIL
0.0000000 0.5000000 -0.5000000 0.0000000 -5.5000000 8.0000000 0.1500242
-0.5000000 0.5000000 -0.5000000 0.0000000 -2.5000000 8.0000000 0.1500242
0.5000000 -0.5000000 -0.5000000 0.0000000 2.5000000 8.0000000 0.1500242
0.4999245 -0.4999245 0.4999245 0.4999245 2.4996225 2.4994715 0.27496375
-0.4999245 0.4999245 -0.4999245 -0.4999245 -2.4996225 7.5005285 0.27496375
}

014028a {; Anthony Hanmer 18/1/2007, Designed with BRAZIL
0.0000000 0.5000000 -0.5000000 0.0000000 -5.5000000 8.0000000 0.1500242
-0.5000000 0.5000000 -0.5000000 0.0000000 -2.5000000 8.0000000 0.1500242
0.5000000 0.5000000 -0.5000000 0.0000000 -2.5000000 8.0000000 0.1500242
0.4999245 -0.4999245 0.4999245 0.4999245 2.4996225 2.4994715 0.27496375
-0.4999245 0.4999245 -0.4999245 -0.4999245 -2.4996225 7.5005285 0.27496375
}

014029a {; Anthony Hanmer 18/1/2007, Designed with BRAZIL
0.0000000 0.5000000 -0.5000000 0.0000000 -5.5000000 8.0000000 0.1500242
-0.5000000 0.5000000 -0.5000000 0.0000000 -2.5000000 8.0000000 0.1500242
0.5000000 0.5000000 -0.5000000 0.0000000 -2.5000000 2.0000000 0.1500242
0.4999245 -0.4999245 0.4999245 0.4999245 2.4996225 2.4994715 0.27496375
-0.4999245 0.4999245 -0.4999245 -0.4999245 -2.4996225 7.5005285 0.27496375
}

014030a {; Anthony Hanmer 18/1/2007, Designed with BRAZIL
0.0000000 0.5000000 -0.5000000 0.0000000 -5.5000000 8.0000000 0.1500242
-0.5000000 0.5000000 -0.5000000 0.0000000 -2.5000000 8.0000000 0.1500242
-0.5000000 0.5000000 0.5000000 0.0000000 -2.5000000 8.0000000 0.1500242
0.4999245 -0.4999245 0.4999245 0.4999245 2.4996225 2.4994715 0.27496375
-0.4999245 0.4999245 -0.4999245 -0.4999245 -2.4996225 7.5005285 0.27496375
}

014031a {; Anthony Hanmer 18/1/2007, Designed with BRAZIL
0.0000000 0.5000000 -0.5000000 0.0000000 -5.5000000 8.0000000 0.1500242
-0.5000000 0.5000000 -0.5000000 0.0000000 -2.5000000 8.0000000 0.1500242
-0.5000000 0.5000000 0.5000000 0.0000000 -2.5000000 2.0000000 0.1500242
0.4999245 -0.4999245 0.4999245 0.4999245 2.4996225 2.4994715 0.27496375
-0.4999245 0.4999245 -0.4999245 -0.4999245 -2.4996225 7.5005285 0.27496375
}

014032a {; Anthony Hanmer 18/1/2007, Designed with BRAZIL
0.0000000 0.5000000 -0.5000000 0.0000000 -5.5000000 8.0000000 0.1500242
-0.5000000 0.5000000 -0.5000000 0.0000000 -2.5000000 8.0000000 0.1500242
-0.5000000 0.0000000 -0.5000000 -0.5000000 3.0000000 7.5000000 0.1500242
0.4999245 -0.4999245 0.4999245 0.4999245 2.4996225 2.4994715 0.27496375
-0.4999245 0.4999245 -0.4999245 -0.4999245 -2.4996225 7.5005285 0.27496375
}

014033a {; Anthony Hanmer 18/1/2007, Designed with BRAZIL
0.0000000 0.5000000 -0.5000000 0.0000000 -5.5000000 8.0000000 0.1500242
-0.5000000 0.5000000 -0.5000000 0.0000000 -2.5000000 8.0000000 0.1500242
-0.5000000 0.0000000 -0.5000000 -0.5000000 -3.0000000 7.5000000 0.1500242
0.4999245 -0.4999245 0.4999245 0.4999245 2.4996225 2.4994715 0.27496375
-0.4999245 0.4999245 -0.4999245 -0.4999245 -2.4996225 7.5005285 0.27496375
}

014034a {; Anthony Hanmer 18/1/2007, Designed with BRAZIL
0.0000000 0.5000000 -0.5000000 0.0000000 -5.5000000 8.0000000 0.1500242
-0.5000000 0.5000000 -0.5000000 0.0000000 -2.5000000 8.0000000 0.1500242
0.5000000 0.0000000 0.5000000 -0.5000000 3.0000000 7.5000000 0.1500242
0.4999245 -0.4999245 0.4999245 0.4999245 2.4996225 2.4994715 0.27496375
-0.4999245 0.4999245 -0.4999245 -0.4999245 -2.4996225 7.5005285 0.27496375
}

014035a {; Anthony Hanmer 18/1/2007, Designed with BRAZIL
0.0000000 0.5000000 -0.5000000 0.0000000 -5.5000000 8.0000000 0.1500242
-0.5000000 0.5000000 -0.5000000 0.0000000 -2.5000000 8.0000000 0.1500242
0.5000000 0.0000000 0.5000000 -0.5000000 -3.0000000 7.5000000 0.1500242
0.4999245 -0.4999245 0.4999245 0.4999245 2.4996225 2.4994715 0.27496375
-0.4999245 0.4999245 -0.4999245 -0.4999245 -2.4996225 7.5005285 0.27496375
}

014036a {; Anthony Hanmer 18/1/2007, Designed with BRAZIL
0.0000000 0.5000000 -0.5000000 0.0000000 -5.5000000 8.0000000 0.1500242
-0.5000000 0.5000000 -0.5000000 0.0000000 -2.5000000 8.0000000 0.1500242
0.5000000 0.0000000 0.5000000 0.5000000 -3.0000000 2.5000000 0.1500242
0.4999245 -0.4999245 0.4999245 0.4999245 2.4996225 2.4994715 0.27496375
-0.4999245 0.4999245 -0.4999245 -0.4999245 -2.4996225 7.5005285 0.27496375
}

014037a {; Anthony Hanmer 18/1/2007, Designed with BRAZIL
0.0000000 0.5000000 -0.5000000 0.0000000 -5.5000000 8.0000000 0.1500242
-0.5000000 0.5000000 -0.5000000 0.0000000 -2.5000000 8.0000000 0.1500242
0.5000000 0.0000000 0.5000000 0.5000000 3.0000000 2.5000000 0.1500242
0.4999245 -0.4999245 0.4999245 0.4999245 2.4996225 2.4994715 0.27496375
-0.4999245 0.4999245 -0.4999245 -0.4999245 -2.4996225 7.5005285 0.27496375
}

014038a {; Anthony Hanmer 18/1/2007, Designed with BRAZIL
0.0000000 0.5000000 -0.5000000 0.0000000 -5.5000000 8.0000000 0.1500242
-0.5000000 0.5000000 -0.5000000 0.0000000 -2.5000000 8.0000000 0.1500242
-0.5000000 0.0000000 -0.5000000 0.5000000 -3.0000000 2.5000000 0.1500242
0.4999245 -0.4999245 0.4999245 0.4999245 2.4996225 2.4994715 0.27496375
-0.4999245 0.4999245 -0.4999245 -0.4999245 -2.4996225 7.5005285 0.27496375
}

014039a {; Anthony Hanmer 18/1/2007, Designed with BRAZIL
0.0000000 0.5000000 -0.5000000 0.0000000 -5.5000000 8.0000000 0.1500242
-0.5000000 0.5000000 -0.5000000 0.0000000 -2.5000000 8.0000000 0.1500242
-0.5000000 0.0000000 -0.5000000 0.5000000 3.0000000 2.5000000 0.1500242
0.4999245 -0.4999245 0.4999245 0.4999245 2.4996225 2.4994715 0.27496375
-0.4999245 0.4999245 -0.4999245 -0.4999245 -2.4996225 7.5005285 0.27496375
}

014040a {; Anthony Hanmer 18/1/2007, Designed with BRAZIL
0.0000000 0.5000000 -0.5000000 0.0000000 -5.5000000 8.0000000 0.1500242
-0.5000000 0.5000000 -0.5000000 0.0000000 -2.5000000 8.0000000 0.1500242
0.0000000 0.3715724 -0.6728164 0.0082518 -5.6284276 3.0353536 0.1500242
0.4999245 -0.4999245 0.4999245 0.4999245 2.4996225 2.4994715 0.27496375
-0.4999245 0.4999245 -0.4999245 -0.4999245 -2.4996225 7.5005285 0.27496375
}

014041a {; Anthony Hanmer 18/1/2007, Designed with BRAZIL
0.0000000 0.5000000 -0.5000000 0.0000000 -5.5000000 8.0000000 0.1500242
-0.5000000 0.5000000 -0.5000000 0.0000000 -2.5000000 8.0000000 0.1500242
-0.5000000 0.0000000 0.5000000 -0.5000000 -3.0000000 7.5000000 0.1500242
0.4999245 -0.4999245 0.4999245 0.4999245 2.4996225 2.4994715 0.27496375
-0.4999245 0.4999245 -0.4999245 -0.4999245 -2.4996225 7.5005285 0.27496375
}

014042a {; Anthony Hanmer 18/1/2007, Designed with BRAZIL
0.0000000 0.5000000 -0.5000000 0.0000000 -5.5000000 8.0000000 0.1500242
-0.5000000 0.5000000 -0.5000000 0.0000000 -2.5000000 8.0000000 0.1500242
-0.5000000 0.0000000 0.5000000 -0.5000000 3.0000000 7.5000000 0.1500242
0.4999245 -0.4999245 0.4999245 0.4999245 2.4996225 2.4994715 0.27496375
-0.4999245 0.4999245 -0.4999245 -0.4999245 -2.4996225 7.5005285 0.27496375
}

014043a {; Anthony Hanmer 18/1/2007, Designed with BRAZIL
0.0000000 0.5000000 -0.5000000 0.0000000 -5.5000000 8.0000000 0.1500242
-0.5000000 0.5000000 -0.5000000 0.0000000 -2.5000000 8.0000000 0.1500242
0.5000000 0.0000000 -0.5000000 -0.5000000 3.0000000 7.5000000 0.1500242
0.4999245 -0.4999245 0.4999245 0.4999245 2.4996225 2.4994715 0.27496375
-0.4999245 0.4999245 -0.4999245 -0.4999245 -2.4996225 7.5005285 0.27496375
}

014044a {; Anthony Hanmer 18/1/2007, Designed with BRAZIL
0.0000000 0.5000000 -0.5000000 0.0000000 -5.5000000 8.0000000 0.1500242
-0.5000000 0.5000000 -0.5000000 0.0000000 -2.5000000 8.0000000 0.1500242
0.5000000 0.0000000 -0.5000000 0.5000000 -3.0000000 2.5000000 0.1500242
0.4999245 -0.4999245 0.4999245 0.4999245 2.4996225 2.4994715 0.27496375
-0.4999245 0.4999245 -0.4999245 -0.4999245 -2.4996225 7.5005285 0.27496375
}

014045a {; Anthony Hanmer 18/1/2007, Designed with BRAZIL
0.0000000 0.5000000 -0.5000000 0.0000000 -5.5000000 8.0000000 0.1500242
-0.5000000 0.5000000 -0.5000000 0.0000000 -2.5000000 8.0000000 0.1500242
0.5000000 0.0000000 -0.5000000 0.5000000 3.0000000 2.5000000 0.1500242
0.4999245 -0.4999245 0.4999245 0.4999245 2.4996225 2.4994715 0.27496375
-0.4999245 0.4999245 -0.4999245 -0.4999245 -2.4996225 7.5005285 0.27496375
}

014046a {; Anthony Hanmer 18/1/2007, Designed with BRAZIL
0.0000000 0.5000000 -0.5000000 0.0000000 -5.5000000 8.0000000 0.1500242
-0.5000000 0.5000000 -0.5000000 0.0000000 -2.5000000 8.0000000 0.1500242
-0.5000000 0.0000000 0.5000000 0.5000000 -3.0000000 2.5000000 0.1500242
0.4999245 -0.4999245 0.4999245 0.4999245 2.4996225 2.4994715 0.27496375
-0.4999245 0.4999245 -0.4999245 -0.4999245 -2.4996225 7.5005285 0.27496375
}

014047a {; Anthony Hanmer 18/1/2007, Designed with BRAZIL
0.0000000 0.5000000 -0.5000000 0.0000000 -5.5000000 8.0000000 0.1500242
-0.5000000 0.5000000 -0.5000000 0.0000000 -2.5000000 8.0000000 0.1500242
-0.5000000 0.0000000 0.5000000 0.5000000 3.0000000 2.5000000 0.1500242
0.4999245 -0.4999245 0.4999245 0.4999245 2.4996225 2.4994715 0.27496375
-0.4999245 0.4999245 -0.4999245 -0.4999245 -2.4996225 7.5005285 0.27496375
}

014048a {; Anthony Hanmer 18/1/2007, Designed with BRAZIL
0.0000000 0.5000000 -0.5000000 0.0000000 -5.5000000 8.0000000 0.1500242
-0.5000000 0.5000000 -0.5000000 0.0000000 -2.5000000 8.0000000 0.1500242
-0.5000000 -0.5000000 -0.5000000 0.0000000 2.5000000 2.0000000 0.1500242
0.4999245 -0.4999245 0.4999245 0.4999245 2.4996225 2.4994715 0.27496375
-0.4999245 0.4999245 -0.4999245 -0.4999245 -2.4996225 7.5005285 0.27496375
}

014049a {; Anthony Hanmer 18/1/2007, Designed with BRAZIL
0.0000000 0.5000000 -0.5000000 0.0000000 -5.5000000 8.0000000 0.1500242
-0.5000000 0.5000000 -0.5000000 0.0000000 -2.5000000 8.0000000 0.1500242
-0.5000000 0.5000000 -0.5000000 0.0000000 -2.5000000 8.0000000 0.1500242
0.4999245 -0.4999245 0.4999245 0.4999245 2.4996225 2.4994715 0.27496375
-0.4999245 0.4999245 -0.4999245 -0.4999245 -2.4996225 7.5005285 0.27496375
}

014050a {; Anthony Hanmer 18/1/2007, Designed with BRAZIL
0.0000000 0.5000000 -0.5000000 0.0000000 -5.5000000 8.0000000 0.1500242
-0.5000000 0.5000000 -0.5000000 0.0000000 -2.5000000 8.0000000 0.1500242
0.5000000 0.5000000 0.5000000 0.0000000 -2.5000000 8.0000000 0.1500242
0.4999245 -0.4999245 0.4999245 0.4999245 2.4996225 2.4994715 0.27496375
-0.4999245 0.4999245 -0.4999245 -0.4999245 -2.4996225 7.5005285 0.27496375
}

014051a {; Anthony Hanmer 18/1/2007, Designed with BRAZIL
0.0000000 0.5000000 -0.5000000 0.0000000 -5.5000000 8.0000000 0.1500242
-0.5000000 0.5000000 -0.5000000 0.0000000 -2.5000000 8.0000000 0.1500242
0.5000000 -0.5000000 0.5000000 0.0000000 2.5000000 2.0000000 0.1500242
0.4999245 -0.4999245 0.4999245 0.4999245 2.4996225 2.4994715 0.27496375
-0.4999245 0.4999245 -0.4999245 -0.4999245 -2.4996225 7.5005285 0.27496375
}

014052a {; Anthony Hanmer 18/1/2007, Designed with BRAZIL
0.0000000 0.5000000 -0.5000000 0.0000000 -5.5000000 8.0000000 0.1500242
-0.5000000 0.5000000 -0.5000000 0.0000000 -2.5000000 8.0000000 0.1500242
-0.5000000 0.0000000 0.0000000 -0.5000000 -3.0000000 4.5000000 0.1500242
0.4999245 -0.4999245 0.4999245 0.4999245 2.4996225 2.4994715 0.27496375
-0.4999245 0.4999245 -0.4999245 -0.4999245 -2.4996225 7.5005285 0.27496375
}

014053a {; Anthony Hanmer 18/1/2007, Designed with BRAZIL
0.0000000 0.5000000 -0.5000000 0.0000000 -5.5000000 8.0000000 0.1500242
-0.5000000 0.5000000 -0.5000000 0.0000000 -2.5000000 8.0000000 0.1500242
-0.5000000 0.0000000 0.0000000 -0.5000000 3.0000000 4.5000000 0.1500242
0.4999245 -0.4999245 0.4999245 0.4999245 2.4996225 2.4994715 0.27496375
-0.4999245 0.4999245 -0.4999245 -0.4999245 -2.4996225 7.5005285 0.27496375
}

014054a {; Anthony Hanmer 18/1/2007, Designed with BRAZIL
0.0000000 0.5000000 -0.5000000 0.0000000 -5.5000000 8.0000000 0.1500242
-0.5000000 0.5000000 -0.5000000 0.0000000 -2.5000000 8.0000000 0.1500242
-0.5000000 0.0000000 0.0000000 -0.5000000 3.0000000 10.5000000 0.1500242
0.4999245 -0.4999245 0.4999245 0.4999245 2.4996225 2.4994715 0.27496375
-0.4999245 0.4999245 -0.4999245 -0.4999245 -2.4996225 7.5005285 0.27496375
}

014055a {; Anthony Hanmer 18/1/2007, Designed with BRAZIL
0.0000000 0.5000000 -0.5000000 0.0000000 -5.5000000 8.0000000 0.1500242
-0.5000000 0.5000000 -0.5000000 0.0000000 -2.5000000 8.0000000 0.1500242
-0.5000000 0.0000000 0.0000000 -0.5000000 -3.0000000 10.5000000 0.1500242
0.4999245 -0.4999245 0.4999245 0.4999245 2.4996225 2.4994715 0.27496375
-0.4999245 0.4999245 -0.4999245 -0.4999245 -2.4996225 7.5005285 0.27496375
}

014056a {; Anthony Hanmer 18/1/2007, Designed with BRAZIL
0.0000000 0.5000000 -0.5000000 0.0000000 -5.5000000 8.0000000 0.1500242
-0.5000000 0.5000000 -0.5000000 0.0000000 -2.5000000 8.0000000 0.1500242
0.5000000 0.0000000 0.0000000 -0.5000000 3.0000000 10.5000000 0.1500242
0.4999245 -0.4999245 0.4999245 0.4999245 2.4996225 2.4994715 0.27496375
-0.4999245 0.4999245 -0.4999245 -0.4999245 -2.4996225 7.5005285 0.27496375
}

014057a {; Anthony Hanmer 18/1/2007, Designed with BRAZIL
0.0000000 0.5000000 -0.5000000 0.0000000 -5.5000000 8.0000000 0.1500242
-0.5000000 0.5000000 -0.5000000 0.0000000 -2.5000000 8.0000000 0.1500242
0.5000000 0.0000000 0.0000000 -0.5000000 3.0000000 4.5000000 0.1500242
0.4999245 -0.4999245 0.4999245 0.4999245 2.4996225 2.4994715 0.27496375
-0.4999245 0.4999245 -0.4999245 -0.4999245 -2.4996225 7.5005285 0.27496375
}

014058a {; Anthony Hanmer 18/1/2007, Designed with BRAZIL
0.0000000 0.5000000 -0.5000000 0.0000000 -5.5000000 8.0000000 0.1500242
-0.5000000 0.5000000 -0.5000000 0.0000000 -2.5000000 8.0000000 0.1500242
0.5000000 0.0000000 0.0000000 -0.5000000 -3.0000000 4.5000000 0.1500242
0.4999245 -0.4999245 0.4999245 0.4999245 2.4996225 2.4994715 0.27496375
-0.4999245 0.4999245 -0.4999245 -0.4999245 -2.4996225 7.5005285 0.27496375
}

014059a {; Anthony Hanmer 18/1/2007, Designed with BRAZIL
0.0000000 0.5000000 -0.5000000 0.0000000 -5.5000000 8.0000000 0.1500242
-0.5000000 0.5000000 -0.5000000 0.0000000 -2.5000000 8.0000000 0.1500242
0.5000000 0.0000000 0.0000000 -0.5000000 -3.0000000 10.5000000 0.1500242
0.4999245 -0.4999245 0.4999245 0.4999245 2.4996225 2.4994715 0.27496375
-0.4999245 0.4999245 -0.4999245 -0.4999245 -2.4996225 7.5005285 0.27496375
}

014060a {; Anthony Hanmer 18/1/2007, Designed with BRAZIL
0.0000000 0.5000000 -0.5000000 0.0000000 -5.5000000 8.0000000 0.1500242
-0.5000000 0.5000000 -0.5000000 0.0000000 -2.5000000 8.0000000 0.1500242
-0.5000000 0.0000000 0.0000000 0.5000000 -3.0000000 5.5000000 0.1500242
0.4999245 -0.4999245 0.4999245 0.4999245 2.4996225 2.4994715 0.27496375
-0.4999245 0.4999245 -0.4999245 -0.4999245 -2.4996225 7.5005285 0.27496375
}

014061a {; Anthony Hanmer 18/1/2007, Designed with BRAZIL
0.0000000 0.5000000 -0.5000000 0.0000000 -5.5000000 8.0000000 0.1500242
-0.5000000 0.5000000 -0.5000000 0.0000000 -2.5000000 8.0000000 0.1500242
-0.5000000 0.0000000 0.0000000 0.5000000 3.0000000 5.5000000 0.1500242
0.4999245 -0.4999245 0.4999245 0.4999245 2.4996225 2.4994715 0.27496375
-0.4999245 0.4999245 -0.4999245 -0.4999245 -2.4996225 7.5005285 0.27496375
}

014062a {; Anthony Hanmer 18/1/2007, Designed with BRAZIL
0.0000000 0.5000000 -0.5000000 0.0000000 -5.5000000 8.0000000 0.1500242
-0.5000000 0.5000000 -0.5000000 0.0000000 -2.5000000 8.0000000 0.1500242
-0.5000000 0.0000000 0.0000000 0.5000000 3.0000000 -0.5000000 0.1500242
0.4999245 -0.4999245 0.4999245 0.4999245 2.4996225 2.4994715 0.27496375
-0.4999245 0.4999245 -0.4999245 -0.4999245 -2.4996225 7.5005285 0.27496375
}

014063a {; Anthony Hanmer 18/1/2007, Designed with BRAZIL
0.0000000 0.5000000 -0.5000000 0.0000000 -5.5000000 8.0000000 0.1500242
-0.5000000 0.5000000 -0.5000000 0.0000000 -2.5000000 8.0000000 0.1500242
-0.5000000 0.0000000 0.0000000 0.5000000 -3.0000000 -0.5000000 0.1500242
0.4999245 -0.4999245 0.4999245 0.4999245 2.4996225 2.4994715 0.27496375
-0.4999245 0.4999245 -0.4999245 -0.4999245 -2.4996225 7.5005285 0.27496375
}

014064a {; Anthony Hanmer 18/1/2007, Designed with BRAZIL
0.0000000 0.5000000 -0.5000000 0.0000000 -5.5000000 8.0000000 0.1500242
-0.5000000 0.5000000 -0.5000000 0.0000000 -2.5000000 8.0000000 0.1500242
0.5000000 0.0000000 0.0000000 0.5000000 3.0000000 -0.5000000 0.1500242
0.4999245 -0.4999245 0.4999245 0.4999245 2.4996225 2.4994715 0.27496375
-0.4999245 0.4999245 -0.4999245 -0.4999245 -2.4996225 7.5005285 0.27496375
}

014065a {; Anthony Hanmer 18/1/2007, Designed with BRAZIL
0.0000000 0.5000000 -0.5000000 0.0000000 -5.5000000 8.0000000 0.1500242
-0.5000000 0.5000000 -0.5000000 0.0000000 -2.5000000 8.0000000 0.1500242
0.5000000 0.0000000 0.0000000 0.5000000 3.0000000 5.5000000 0.1500242
0.4999245 -0.4999245 0.4999245 0.4999245 2.4996225 2.4994715 0.27496375
-0.4999245 0.4999245 -0.4999245 -0.4999245 -2.4996225 7.5005285 0.27496375
}

014066a {; Anthony Hanmer 18/1/2007, Designed with BRAZIL
0.0000000 0.5000000 -0.5000000 0.0000000 -5.5000000 8.0000000 0.1500242
-0.5000000 0.5000000 -0.5000000 0.0000000 -2.5000000 8.0000000 0.1500242
0.5000000 0.0000000 0.0000000 0.5000000 -3.0000000 5.5000000 0.1500242
0.4999245 -0.4999245 0.4999245 0.4999245 2.4996225 2.4994715 0.27496375
-0.4999245 0.4999245 -0.4999245 -0.4999245 -2.4996225 7.5005285 0.27496375
}

014067a {; Anthony Hanmer 18/1/2007, Designed with BRAZIL
0.0000000 0.5000000 -0.5000000 0.0000000 -5.5000000 8.0000000 0.1500242
-0.5000000 0.5000000 -0.5000000 0.0000000 -2.5000000 8.0000000 0.1500242
0.5000000 0.0000000 0.0000000 0.5000000 -3.0000000 -0.5000000 0.1500242
0.4999245 -0.4999245 0.4999245 0.4999245 2.4996225 2.4994715 0.27496375
-0.4999245 0.4999245 -0.4999245 -0.4999245 -2.4996225 7.5005285 0.27496375
}

014068a {; Anthony Hanmer 18/1/2007, Designed with BRAZIL
0.0000000 0.5000000 -0.5000000 0.0000000 -5.5000000 8.0000000 0.1500242
-0.5000000 0.5000000 -0.5000000 0.0000000 -2.5000000 8.0000000 0.1500242
0.0000000 0.5000000 -0.5000000 0.0000000 -5.5000000 2.0000000 0.1500242
0.4999245 -0.4999245 0.4999245 0.4999245 2.4996225 2.4994715 0.27496375
-0.4999245 0.4999245 -0.4999245 -0.4999245 -2.4996225 7.5005285 0.27496375
}

014069a {; Anthony Hanmer 18/1/2007, Designed with BRAZIL
0.0000000 0.5000000 -0.5000000 0.0000000 -5.5000000 8.0000000 0.1500242
-0.5000000 0.5000000 -0.5000000 0.0000000 -2.5000000 8.0000000 0.1500242
0.0000000 0.5000000 -0.5000000 0.0000000 0.5000000 2.0000000 0.1500242
0.4999245 -0.4999245 0.4999245 0.4999245 2.4996225 2.4994715 0.27496375
-0.4999245 0.4999245 -0.4999245 -0.4999245 -2.4996225 7.5005285 0.27496375
}

014070a {; Anthony Hanmer 18/1/2007, Designed with BRAZIL
0.0000000 0.5000000 -0.5000000 0.0000000 -5.5000000 8.0000000 0.1500242
-0.5000000 0.5000000 -0.5000000 0.0000000 -2.5000000 8.0000000 0.1500242
0.0000000 0.5000000 -0.5000000 0.0000000 0.5000000 8.0000000 0.1500242
0.4999245 -0.4999245 0.4999245 0.4999245 2.4996225 2.4994715 0.27496375
-0.4999245 0.4999245 -0.4999245 -0.4999245 -2.4996225 7.5005285 0.27496375
}

014071a {; Anthony Hanmer 18/1/2007, Designed with BRAZIL
0.0000000 0.5000000 -0.5000000 0.0000000 -5.5000000 8.0000000 0.1500242
-0.5000000 0.5000000 -0.5000000 0.0000000 -2.5000000 8.0000000 0.1500242
0.0000000 0.5000000 -0.5000000 0.0000000 -5.5000000 8.0000000 0.1500242
0.4999245 -0.4999245 0.4999245 0.4999245 2.4996225 2.4994715 0.27496375
-0.4999245 0.4999245 -0.4999245 -0.4999245 -2.4996225 7.5005285 0.27496375
}

014072a {; Anthony Hanmer 18/1/2007, Designed with BRAZIL
0.0000000 0.5000000 -0.5000000 0.0000000 -5.5000000 8.0000000 0.1500242
-0.5000000 0.5000000 -0.5000000 0.0000000 -2.5000000 8.0000000 0.1500242
0.0000000 0.5000000 -0.5000000 0.0000000 -5.5000000 8.0000000 0.1500242
0.4999245 -0.4999245 0.4999245 0.4999245 2.4996225 2.4994715 0.27496375
-0.4999245 0.4999245 -0.4999245 -0.4999245 -2.4996225 7.5005285 0.27496375
}

014073a {; Anthony Hanmer 18/1/2007, Designed with BRAZIL
0.0000000 0.5000000 -0.5000000 0.0000000 -5.5000000 8.0000000 0.1500242
-0.5000000 0.5000000 -0.5000000 0.0000000 -2.5000000 8.0000000 0.1500242
0.0000000 0.5000000 0.5000000 0.0000000 0.5000000 8.0000000 0.1500242
0.4999245 -0.4999245 0.4999245 0.4999245 2.4996225 2.4994715 0.27496375
-0.4999245 0.4999245 -0.4999245 -0.4999245 -2.4996225 7.5005285 0.27496375
}

014074a {; Anthony Hanmer 18/1/2007, Designed with BRAZIL
0.0000000 0.5000000 -0.5000000 0.0000000 -5.5000000 8.0000000 0.1500242
-0.5000000 0.5000000 -0.5000000 0.0000000 -2.5000000 8.0000000 0.1500242
0.0000000 0.5000000 0.5000000 0.0000000 0.5000000 2.0000000 0.1500242
0.4999245 -0.4999245 0.4999245 0.4999245 2.4996225 2.4994715 0.27496375
-0.4999245 0.4999245 -0.4999245 -0.4999245 -2.4996225 7.5005285 0.27496375
}

014075a {; Anthony Hanmer 18/1/2007, Designed with BRAZIL
0.0000000 0.5000000 -0.5000000 0.0000000 -5.5000000 8.0000000 0.1500242
-0.5000000 0.5000000 -0.5000000 0.0000000 -2.5000000 8.0000000 0.1500242
0.0000000 0.5000000 0.5000000 0.0000000 -5.5000000 2.0000000 0.1500242
0.4999245 -0.4999245 0.4999245 0.4999245 2.4996225 2.4994715 0.27496375
-0.4999245 0.4999245 -0.4999245 -0.4999245 -2.4996225 7.5005285 0.27496375
}

014076a {; Anthony Hanmer 18/1/2007, Designed with BRAZIL
0.0000000 0.5000000 -0.5000000 0.0000000 -5.5000000 8.0000000 0.1500242
-0.5000000 0.5000000 -0.5000000 0.0000000 -2.5000000 8.0000000 0.1500242
0.0000000 -0.5000000 0.5000000 0.0000000 -0.5000000 2.0000000 0.1500242
0.4999245 -0.4999245 0.4999245 0.4999245 2.4996225 2.4994715 0.27496375
-0.4999245 0.4999245 -0.4999245 -0.4999245 -2.4996225 7.5005285 0.27496375
}

014077a {; Anthony Hanmer 18/1/2007, Designed with BRAZIL
0.0000000 0.5000000 -0.5000000 0.0000000 -5.5000000 8.0000000 0.1500242
-0.5000000 0.5000000 -0.5000000 0.0000000 -2.5000000 8.0000000 0.1500242
0.0000000 -0.5000000 0.5000000 0.0000000 5.5000000 2.0000000 0.1500242
0.4999245 -0.4999245 0.4999245 0.4999245 2.4996225 2.4994715 0.27496375
-0.4999245 0.4999245 -0.4999245 -0.4999245 -2.4996225 7.5005285 0.27496375
}

014078a {; Anthony Hanmer 18/1/2007, Designed with BRAZIL
0.0000000 0.5000000 -0.5000000 0.0000000 -5.5000000 8.0000000 0.1500242
-0.5000000 0.5000000 -0.5000000 0.0000000 -2.5000000 8.0000000 0.1500242
0.0000000 -0.5000000 0.5000000 0.0000000 5.5000000 8.0000000 0.1500242
0.4999245 -0.4999245 0.4999245 0.4999245 2.4996225 2.4994715 0.27496375
-0.4999245 0.4999245 -0.4999245 -0.4999245 -2.4996225 7.5005285 0.27496375
}

014079a {; Anthony Hanmer 18/1/2007, Designed with BRAZIL
0.0000000 0.5000000 -0.5000000 0.0000000 -5.5000000 8.0000000 0.1500242
-0.5000000 0.5000000 -0.5000000 0.0000000 -2.5000000 8.0000000 0.1500242
0.0000000 -0.5000000 0.5000000 0.0000000 -0.5000000 8.0000000 0.1500242
0.4999245 -0.4999245 0.4999245 0.4999245 2.4996225 2.4994715 0.27496375
-0.4999245 0.4999245 -0.4999245 -0.4999245 -2.4996225 7.5005285 0.27496375
}

014080a {; Anthony Hanmer 18/1/2007, Designed with BRAZIL
0.0000000 0.5000000 -0.5000000 0.0000000 -5.5000000 8.0000000 0.1500242
-0.5000000 0.5000000 -0.5000000 0.0000000 -2.5000000 8.0000000 0.1500242
0.0000000 -0.5000000 -0.5000000 0.0000000 -0.5000000 2.0000000 0.1500242
0.4999245 -0.4999245 0.4999245 0.4999245 2.4996225 2.4994715 0.27496375
-0.4999245 0.4999245 -0.4999245 -0.4999245 -2.4996225 7.5005285 0.27496375
}

014081a {; Anthony Hanmer 18/1/2007, Designed with BRAZIL
0.0000000 0.5000000 -0.5000000 0.0000000 -5.5000000 8.0000000 0.1500242
-0.5000000 0.5000000 -0.5000000 0.0000000 -2.5000000 8.0000000 0.1500242
0.0000000 -0.5000000 -0.5000000 0.0000000 5.5000000 2.0000000 0.1500242
0.4999245 -0.4999245 0.4999245 0.4999245 2.4996225 2.4994715 0.27496375
-0.4999245 0.4999245 -0.4999245 -0.4999245 -2.4996225 7.5005285 0.27496375
}

014082a {; Anthony Hanmer 18/1/2007, Designed with BRAZIL
0.0000000 0.5000000 -0.5000000 0.0000000 -5.5000000 8.0000000 0.1500242
-0.5000000 0.5000000 -0.5000000 0.0000000 -2.5000000 8.0000000 0.1500242
0.0000000 -0.5000000 -0.5000000 0.0000000 5.5000000 8.0000000 0.1500242
0.4999245 -0.4999245 0.4999245 0.4999245 2.4996225 2.4994715 0.27496375
-0.4999245 0.4999245 -0.4999245 -0.4999245 -2.4996225 7.5005285 0.27496375
}

014083a {; Anthony Hanmer 18/1/2007, Designed with BRAZIL
0.0000000 0.5000000 -0.5000000 0.0000000 -5.5000000 8.0000000 0.1500242
-0.5000000 0.5000000 -0.5000000 0.0000000 -2.5000000 8.0000000 0.1500242
0.0000000 -0.5000000 -0.5000000 0.0000000 -0.5000000 8.0000000 0.1500242
0.4999245 -0.4999245 0.4999245 0.4999245 2.4996225 2.4994715 0.27496375
-0.4999245 0.4999245 -0.4999245 -0.4999245 -2.4996225 7.5005285 0.27496375
}

014084a {; Anthony Hanmer 18/1/2007, Designed with BRAZIL
0.0000000 0.5000000 -0.5000000 0.0000000 -5.5000000 8.0000000 0.1500242
-0.5000000 0.5000000 -0.5000000 0.0000000 -2.5000000 8.0000000 0.1500242
0.6728164 0.0064108 0.0000000 0.3715724 -1.9566910 6.8955724 0.1500242
0.4999245 -0.4999245 0.4999245 0.4999245 2.4996225 2.4994715 0.27496375
-0.4999245 0.4999245 -0.4999245 -0.4999245 -2.4996225 7.5005285 0.27496375
}

014085a {; Anthony Hanmer 18/1/2007, Designed with BRAZIL
0.0000000 0.5000000 -0.5000000 0.0000000 -5.5000000 8.0000000 0.1500242
-0.5000000 0.5000000 -0.5000000 0.0000000 -2.5000000 8.0000000 0.1500242
0.6728164 0.0064108 0.0000000 0.3715724 1.8953090 6.8955724 0.1500242
0.4999245 -0.4999245 0.4999245 0.4999245 2.4996225 2.4994715 0.27496375
-0.4999245 0.4999245 -0.4999245 -0.4999245 -2.4996225 7.5005285 0.27496375
}

014086a {; Anthony Hanmer 18/1/2007, Designed with BRAZIL
0.0000000 0.5000000 -0.5000000 0.0000000 -5.5000000 8.0000000 0.1500242
-0.5000000 0.5000000 -0.5000000 0.0000000 -2.5000000 8.0000000 0.1500242
0.6728164 0.0064108 0.0000000 0.3715724 1.8953090 -0.6284276 0.1500242
0.4999245 -0.4999245 0.4999245 0.4999245 2.4996225 2.4994715 0.27496375
-0.4999245 0.4999245 -0.4999245 -0.4999245 -2.4996225 7.5005285 0.27496375
}

