015992b {; Anthony Hanmer 18/1/2007, Designed with BRAZIL
-0.5000000 0.0000000 0.0000000 0.5000000 -3.0000000 -0.5000000 0.1500242
-0.5000000 0.5000000 -0.5000000 0.0000000 -2.5000000 8.0000000 0.1500242
0.0000000 -0.3715724 0.6728164 0.0064108 5.6284276 3.0433090 0.1500242
0.4999245 -0.4999245 0.4999245 0.4999245 2.4996225 2.4994715 0.27496375
0.4999245 0.4999245 -0.4999245 0.4999245 -2.5005285 2.5003775 0.27496375
}

015993b {; Anthony Hanmer 18/1/2007, Designed with BRAZIL
-0.5000000 0.0000000 0.0000000 0.5000000 -3.0000000 -0.5000000 0.1500242
-0.5000000 0.5000000 -0.5000000 0.0000000 -2.5000000 8.0000000 0.1500242
0.0000000 -0.3715724 0.6728164 0.0064108 5.6284276 6.9073090 0.1500242
0.4999245 -0.4999245 0.4999245 0.4999245 2.4996225 2.4994715 0.27496375
0.4999245 0.4999245 -0.4999245 0.4999245 -2.5005285 2.5003775 0.27496375
}

015994b {; Anthony Hanmer 18/1/2007, Designed with BRAZIL
-0.5000000 0.0000000 0.0000000 0.5000000 -3.0000000 -0.5000000 0.1500242
-0.5000000 0.5000000 -0.5000000 0.0000000 -2.5000000 8.0000000 0.1500242
0.0000000 -0.3715724 0.6728164 -0.0082518 -1.8955724 6.9406464 0.1500242
0.4999245 -0.4999245 0.4999245 0.4999245 2.4996225 2.4994715 0.27496375
0.4999245 0.4999245 -0.4999245 0.4999245 -2.5005285 2.5003775 0.27496375
}

015995b {; Anthony Hanmer 18/1/2007, Designed with BRAZIL
-0.5000000 0.0000000 0.0000000 0.5000000 -3.0000000 -0.5000000 0.1500242
-0.5000000 0.5000000 -0.5000000 0.0000000 -2.5000000 8.0000000 0.1500242
0.0000000 0.3715724 0.6728164 -0.0064108 1.9315724 6.9544874 0.1500242
0.4999245 -0.4999245 0.4999245 0.4999245 2.4996225 2.4994715 0.27496375
0.4999245 0.4999245 -0.4999245 0.4999245 -2.5005285 2.5003775 0.27496375
}

015996b {; Anthony Hanmer 18/1/2007, Designed with BRAZIL
-0.5000000 0.0000000 0.0000000 0.5000000 -3.0000000 -0.5000000 0.1500242
-0.5000000 0.5000000 -0.5000000 0.0000000 -2.5000000 8.0000000 0.1500242
0.0000000 0.3715724 0.6728164 0.0082518 1.9195724 3.0451499 0.1500242
0.4999245 -0.4999245 0.4999245 0.4999245 2.4996225 2.4994715 0.27496375
0.4999245 0.4999245 -0.4999245 0.4999245 -2.5005285 2.5003775 0.27496375
}

015997b {; Anthony Hanmer 18/1/2007, Designed with BRAZIL
-0.5000000 0.0000000 0.0000000 0.5000000 -3.0000000 -0.5000000 0.1500242
-0.5000000 0.5000000 -0.5000000 0.0000000 -2.5000000 8.0000000 0.1500242
0.0000000 0.3715724 0.6728164 0.0082518 -5.6284276 3.0451499 0.1500242
0.4999245 -0.4999245 0.4999245 0.4999245 2.4996225 2.4994715 0.27496375
0.4999245 0.4999245 -0.4999245 0.4999245 -2.5005285 2.5003775 0.27496375
}

015998b {; Anthony Hanmer 18/1/2007, Designed with BRAZIL
-0.5000000 0.0000000 0.0000000 0.5000000 -3.0000000 -0.5000000 0.1500242
-0.5000000 0.5000000 -0.5000000 0.0000000 -2.5000000 8.0000000 0.1500242
0.0000000 0.3715724 -0.6728164 0.0082518 -5.6284276 3.0353536 0.1500242
0.4999245 -0.4999245 0.4999245 0.4999245 2.4996225 2.4994715 0.27496375
0.4999245 0.4999245 -0.4999245 0.4999245 -2.5005285 2.5003775 0.27496375
}

015999b {; Anthony Hanmer 18/1/2007, Designed with BRAZIL
-0.5000000 0.0000000 0.0000000 0.5000000 -3.0000000 -0.5000000 0.1500242
-0.5000000 0.5000000 -0.5000000 0.0000000 -2.5000000 8.0000000 0.1500242
0.0000000 0.3715724 -0.6728164 0.0082518 1.9195724 3.0353536 0.1500242
0.4999245 -0.4999245 0.4999245 0.4999245 2.4996225 2.4994715 0.27496375
0.4999245 0.4999245 -0.4999245 0.4999245 -2.5005285 2.5003775 0.27496375
}

016000b {; Anthony Hanmer 18/1/2007, Designed with BRAZIL
0.0000000 0.5000000 0.5000000 0.0000000 -2.5000000 8.0000000 0.1500242
-0.5000000 0.5000000 -0.5000000 0.0000000 -2.5000000 8.0000000 0.1500242
0.6728164 0.0064108 0.0000000 0.3715724 -1.9566910 -0.6284276 0.1500242
0.4999245 -0.4999245 0.4999245 0.4999245 2.4996225 2.4994715 0.27496375
0.4999245 0.4999245 -0.4999245 0.4999245 -2.5005285 2.5003775 0.27496375
}

016001b {; Anthony Hanmer 18/1/2007, Designed with BRAZIL
0.0000000 0.5000000 0.5000000 0.0000000 -2.5000000 8.0000000 0.1500242
-0.5000000 0.5000000 -0.5000000 0.0000000 -2.5000000 8.0000000 0.1500242
0.5000000 -0.5000000 0.0000000 -0.5000000 2.5000000 4.5000000 0.1500242
0.4999245 -0.4999245 0.4999245 0.4999245 2.4996225 2.4994715 0.27496375
0.4999245 0.4999245 -0.4999245 0.4999245 -2.5005285 2.5003775 0.27496375
}

016002b {; Anthony Hanmer 18/1/2007, Designed with BRAZIL
0.0000000 0.5000000 0.5000000 0.0000000 -2.5000000 8.0000000 0.1500242
-0.5000000 0.5000000 -0.5000000 0.0000000 -2.5000000 8.0000000 0.1500242
0.5000000 0.5000000 0.0000000 -0.5000000 -2.5000000 4.5000000 0.1500242
0.4999245 -0.4999245 0.4999245 0.4999245 2.4996225 2.4994715 0.27496375
0.4999245 0.4999245 -0.4999245 0.4999245 -2.5005285 2.5003775 0.27496375
}

016003b {; Anthony Hanmer 18/1/2007, Designed with BRAZIL
0.0000000 0.5000000 0.5000000 0.0000000 -2.5000000 8.0000000 0.1500242
-0.5000000 0.5000000 -0.5000000 0.0000000 -2.5000000 8.0000000 0.1500242
0.5000000 0.5000000 0.5000000 0.0000000 -2.5000000 2.0000000 0.1500242
0.4999245 -0.4999245 0.4999245 0.4999245 2.4996225 2.4994715 0.27496375
0.4999245 0.4999245 -0.4999245 0.4999245 -2.5005285 2.5003775 0.27496375
}

016004b {; Anthony Hanmer 18/1/2007, Designed with BRAZIL
0.0000000 0.5000000 0.5000000 0.0000000 -2.5000000 8.0000000 0.1500242
-0.5000000 0.5000000 -0.5000000 0.0000000 -2.5000000 8.0000000 0.1500242
0.5000000 0.0000000 0.5000000 -0.5000000 -3.0000000 7.5000000 0.1500242
0.4999245 -0.4999245 0.4999245 0.4999245 2.4996225 2.4994715 0.27496375
0.4999245 0.4999245 -0.4999245 0.4999245 -2.5005285 2.5003775 0.27496375
}

016005b {; Anthony Hanmer 18/1/2007, Designed with BRAZIL
0.0000000 0.5000000 0.5000000 0.0000000 -2.5000000 8.0000000 0.1500242
-0.5000000 0.5000000 -0.5000000 0.0000000 -2.5000000 8.0000000 0.1500242
0.5000000 0.0000000 -0.5000000 -0.5000000 -3.0000000 7.5000000 0.1500242
0.4999245 -0.4999245 0.4999245 0.4999245 2.4996225 2.4994715 0.27496375
0.4999245 0.4999245 -0.4999245 0.4999245 -2.5005285 2.5003775 0.27496375
}

016006b {; Anthony Hanmer 18/1/2007, Designed with BRAZIL
0.0000000 0.5000000 0.5000000 0.0000000 -2.5000000 8.0000000 0.1500242
-0.5000000 0.5000000 -0.5000000 0.0000000 -2.5000000 8.0000000 0.1500242
0.5000000 0.0000000 -0.5000000 -0.5000000 3.0000000 7.5000000 0.1500242
0.4999245 -0.4999245 0.4999245 0.4999245 2.4996225 2.4994715 0.27496375
0.4999245 0.4999245 -0.4999245 0.4999245 -2.5005285 2.5003775 0.27496375
}

016007b {; Anthony Hanmer 18/1/2007, Designed with BRAZIL
0.0000000 0.5000000 0.5000000 0.0000000 -2.5000000 8.0000000 0.1500242
-0.5000000 0.5000000 -0.5000000 0.0000000 -2.5000000 8.0000000 0.1500242
0.5000000 -0.5000000 -0.5000000 0.0000000 2.5000000 8.0000000 0.1500242
0.4999245 -0.4999245 0.4999245 0.4999245 2.4996225 2.4994715 0.27496375
0.4999245 0.4999245 -0.4999245 0.4999245 -2.5005285 2.5003775 0.27496375
}

016008b {; Anthony Hanmer 18/1/2007, Designed with BRAZIL
0.0000000 0.5000000 0.5000000 0.0000000 -2.5000000 8.0000000 0.1500242
-0.5000000 0.5000000 -0.5000000 0.0000000 -2.5000000 8.0000000 0.1500242
0.5000000 -0.5000000 -0.5000000 0.0000000 2.5000000 2.0000000 0.1500242
0.4999245 -0.4999245 0.4999245 0.4999245 2.4996225 2.4994715 0.27496375
0.4999245 0.4999245 -0.4999245 0.4999245 -2.5005285 2.5003775 0.27496375
}

016009b {; Anthony Hanmer 18/1/2007, Designed with BRAZIL
0.0000000 0.5000000 0.5000000 0.0000000 -2.5000000 8.0000000 0.1500242
-0.5000000 0.5000000 -0.5000000 0.0000000 -2.5000000 8.0000000 0.1500242
-0.5000000 -0.5000000 0.0000000 -0.5000000 2.5000000 4.5000000 0.1500242
0.4999245 -0.4999245 0.4999245 0.4999245 2.4996225 2.4994715 0.27496375
0.4999245 0.4999245 -0.4999245 0.4999245 -2.5005285 2.5003775 0.27496375
}

016010b {; Anthony Hanmer 18/1/2007, Designed with BRAZIL
0.0000000 0.5000000 0.5000000 0.0000000 -2.5000000 8.0000000 0.1500242
-0.5000000 0.5000000 -0.5000000 0.0000000 -2.5000000 8.0000000 0.1500242
-0.5000000 -0.5000000 0.0000000 -0.5000000 2.5000000 10.5000000 0.1500242
0.4999245 -0.4999245 0.4999245 0.4999245 2.4996225 2.4994715 0.27496375
0.4999245 0.4999245 -0.4999245 0.4999245 -2.5005285 2.5003775 0.27496375
}

016011b {; Anthony Hanmer 18/1/2007, Designed with BRAZIL
0.0000000 0.5000000 0.5000000 0.0000000 -2.5000000 8.0000000 0.1500242
-0.5000000 0.5000000 -0.5000000 0.0000000 -2.5000000 8.0000000 0.1500242
-0.5000000 0.5000000 0.0000000 0.5000000 -2.5000000 5.5000000 0.1500242
0.4999245 -0.4999245 0.4999245 0.4999245 2.4996225 2.4994715 0.27496375
0.4999245 0.4999245 -0.4999245 0.4999245 -2.5005285 2.5003775 0.27496375
}

016012b {; Anthony Hanmer 18/1/2007, Designed with BRAZIL
0.0000000 0.5000000 0.5000000 0.0000000 -2.5000000 8.0000000 0.1500242
-0.5000000 0.5000000 -0.5000000 0.0000000 -2.5000000 8.0000000 0.1500242
-0.5000000 0.5000000 0.0000000 0.5000000 -2.5000000 -0.5000000 0.1500242
0.4999245 -0.4999245 0.4999245 0.4999245 2.4996225 2.4994715 0.27496375
0.4999245 0.4999245 -0.4999245 0.4999245 -2.5005285 2.5003775 0.27496375
}

016013b {; Anthony Hanmer 18/1/2007, Designed with BRAZIL
0.0000000 0.5000000 0.5000000 0.0000000 -2.5000000 8.0000000 0.1500242
-0.5000000 0.5000000 -0.5000000 0.0000000 -2.5000000 8.0000000 0.1500242
0.5000000 0.5000000 0.0000000 0.5000000 -2.5000000 -0.5000000 0.1500242
0.4999245 -0.4999245 0.4999245 0.4999245 2.4996225 2.4994715 0.27496375
0.4999245 0.4999245 -0.4999245 0.4999245 -2.5005285 2.5003775 0.27496375
}

016014b {; Anthony Hanmer 18/1/2007, Designed with BRAZIL
0.0000000 0.5000000 0.5000000 0.0000000 -2.5000000 8.0000000 0.1500242
-0.5000000 0.5000000 -0.5000000 0.0000000 -2.5000000 8.0000000 0.1500242
0.5000000 0.5000000 0.0000000 0.5000000 -2.5000000 5.5000000 0.1500242
0.4999245 -0.4999245 0.4999245 0.4999245 2.4996225 2.4994715 0.27496375
0.4999245 0.4999245 -0.4999245 0.4999245 -2.5005285 2.5003775 0.27496375
}

016015b {; Anthony Hanmer 18/1/2007, Designed with BRAZIL
0.0000000 0.5000000 0.5000000 0.0000000 -2.5000000 8.0000000 0.1500242
-0.5000000 0.5000000 -0.5000000 0.0000000 -2.5000000 8.0000000 0.1500242
0.0000000 -0.5000000 -0.5000000 0.5000000 -0.5000000 2.5000000 0.1500242
0.4999245 -0.4999245 0.4999245 0.4999245 2.4996225 2.4994715 0.27496375
0.4999245 0.4999245 -0.4999245 0.4999245 -2.5005285 2.5003775 0.27496375
}

016016b {; Anthony Hanmer 18/1/2007, Designed with BRAZIL
0.0000000 0.5000000 0.5000000 0.0000000 -2.5000000 8.0000000 0.1500242
-0.5000000 0.5000000 -0.5000000 0.0000000 -2.5000000 8.0000000 0.1500242
0.0000000 -0.5000000 -0.5000000 0.5000000 5.5000000 2.5000000 0.1500242
0.4999245 -0.4999245 0.4999245 0.4999245 2.4996225 2.4994715 0.27496375
0.4999245 0.4999245 -0.4999245 0.4999245 -2.5005285 2.5003775 0.27496375
}

016017b {; Anthony Hanmer 18/1/2007, Designed with BRAZIL
0.0000000 0.5000000 0.5000000 0.0000000 -2.5000000 8.0000000 0.1500242
-0.5000000 0.5000000 -0.5000000 0.0000000 -2.5000000 8.0000000 0.1500242
0.0000000 -0.5000000 0.5000000 0.5000000 5.5000000 2.5000000 0.1500242
0.4999245 -0.4999245 0.4999245 0.4999245 2.4996225 2.4994715 0.27496375
0.4999245 0.4999245 -0.4999245 0.4999245 -2.5005285 2.5003775 0.27496375
}

016018b {; Anthony Hanmer 18/1/2007, Designed with BRAZIL
0.0000000 0.5000000 0.5000000 0.0000000 -2.5000000 8.0000000 0.1500242
-0.5000000 0.5000000 -0.5000000 0.0000000 -2.5000000 8.0000000 0.1500242
0.0000000 -0.5000000 0.5000000 0.5000000 -0.5000000 2.5000000 0.1500242
0.4999245 -0.4999245 0.4999245 0.4999245 2.4996225 2.4994715 0.27496375
0.4999245 0.4999245 -0.4999245 0.4999245 -2.5005285 2.5003775 0.27496375
}

016019b {; Anthony Hanmer 18/1/2007, Designed with BRAZIL
0.0000000 0.5000000 0.5000000 0.0000000 -2.5000000 8.0000000 0.1500242
-0.5000000 0.5000000 -0.5000000 0.0000000 -2.5000000 8.0000000 0.1500242
0.0000000 0.5000000 0.5000000 -0.5000000 0.5000000 7.5000000 0.1500242
0.4999245 -0.4999245 0.4999245 0.4999245 2.4996225 2.4994715 0.27496375
0.4999245 0.4999245 -0.4999245 0.4999245 -2.5005285 2.5003775 0.27496375
}

016020b {; Anthony Hanmer 18/1/2007, Designed with BRAZIL
0.0000000 0.5000000 0.5000000 0.0000000 -2.5000000 8.0000000 0.1500242
-0.5000000 0.5000000 -0.5000000 0.0000000 -2.5000000 8.0000000 0.1500242
0.0000000 0.5000000 0.5000000 -0.5000000 -5.5000000 7.5000000 0.1500242
0.4999245 -0.4999245 0.4999245 0.4999245 2.4996225 2.4994715 0.27496375
0.4999245 0.4999245 -0.4999245 0.4999245 -2.5005285 2.5003775 0.27496375
}

016021b {; Anthony Hanmer 18/1/2007, Designed with BRAZIL
0.0000000 0.5000000 0.5000000 0.0000000 -2.5000000 8.0000000 0.1500242
-0.5000000 0.5000000 -0.5000000 0.0000000 -2.5000000 8.0000000 0.1500242
0.0000000 0.5000000 -0.5000000 -0.5000000 -5.5000000 7.5000000 0.1500242
0.4999245 -0.4999245 0.4999245 0.4999245 2.4996225 2.4994715 0.27496375
0.4999245 0.4999245 -0.4999245 0.4999245 -2.5005285 2.5003775 0.27496375
}

016022b {; Anthony Hanmer 18/1/2007, Designed with BRAZIL
0.0000000 0.5000000 0.5000000 0.0000000 -2.5000000 8.0000000 0.1500242
-0.5000000 0.5000000 -0.5000000 0.0000000 -2.5000000 8.0000000 0.1500242
0.0000000 0.5000000 -0.5000000 -0.5000000 0.5000000 7.5000000 0.1500242
0.4999245 -0.4999245 0.4999245 0.4999245 2.4996225 2.4994715 0.27496375
0.4999245 0.4999245 -0.4999245 0.4999245 -2.5005285 2.5003775 0.27496375
}

016023b {; Anthony Hanmer 18/1/2007, Designed with BRAZIL
0.0000000 0.5000000 0.5000000 0.0000000 -2.5000000 8.0000000 0.1500242
-0.5000000 0.5000000 -0.5000000 0.0000000 -2.5000000 8.0000000 0.1500242
-0.5000000 0.5000000 0.0000000 0.5000000 -2.5000000 5.5000000 0.1500242
0.4999245 -0.4999245 0.4999245 0.4999245 2.4996225 2.4994715 0.27496375
0.4999245 0.4999245 -0.4999245 0.4999245 -2.5005285 2.5003775 0.27496375
}

016024b {; Anthony Hanmer 18/1/2007, Designed with BRAZIL
0.0000000 0.5000000 0.5000000 0.0000000 -2.5000000 8.0000000 0.1500242
-0.5000000 0.5000000 -0.5000000 0.0000000 -2.5000000 8.0000000 0.1500242
-0.5000000 -0.5000000 0.5000000 0.0000000 2.5000000 8.0000000 0.1500242
0.4999245 -0.4999245 0.4999245 0.4999245 2.4996225 2.4994715 0.27496375
0.4999245 0.4999245 -0.4999245 0.4999245 -2.5005285 2.5003775 0.27496375
}

016025b {; Anthony Hanmer 18/1/2007, Designed with BRAZIL
0.0000000 0.5000000 0.5000000 0.0000000 -2.5000000 8.0000000 0.1500242
-0.5000000 0.5000000 -0.5000000 0.0000000 -2.5000000 8.0000000 0.1500242
-0.5000000 -0.5000000 0.5000000 0.0000000 2.5000000 2.0000000 0.1500242
0.4999245 -0.4999245 0.4999245 0.4999245 2.4996225 2.4994715 0.27496375
0.4999245 0.4999245 -0.4999245 0.4999245 -2.5005285 2.5003775 0.27496375
}

016026b {; Anthony Hanmer 18/1/2007, Designed with BRAZIL
0.0000000 0.5000000 0.5000000 0.0000000 -2.5000000 8.0000000 0.1500242
-0.5000000 0.5000000 -0.5000000 0.0000000 -2.5000000 8.0000000 0.1500242
-0.6728164 0.0064108 0.0000000 0.3715724 -1.9304874 -0.6284276 0.1500242
0.4999245 -0.4999245 0.4999245 0.4999245 2.4996225 2.4994715 0.27496375
0.4999245 0.4999245 -0.4999245 0.4999245 -2.5005285 2.5003775 0.27496375
}

016027b {; Anthony Hanmer 18/1/2007, Designed with BRAZIL
0.0000000 0.5000000 0.5000000 0.0000000 -2.5000000 8.0000000 0.1500242
-0.5000000 0.5000000 -0.5000000 0.0000000 -2.5000000 8.0000000 0.1500242
0.5000000 -0.5000000 -0.5000000 0.0000000 2.5000000 8.0000000 0.1500242
0.4999245 -0.4999245 0.4999245 0.4999245 2.4996225 2.4994715 0.27496375
0.4999245 0.4999245 -0.4999245 0.4999245 -2.5005285 2.5003775 0.27496375
}

016028b {; Anthony Hanmer 18/1/2007, Designed with BRAZIL
0.0000000 0.5000000 0.5000000 0.0000000 -2.5000000 8.0000000 0.1500242
-0.5000000 0.5000000 -0.5000000 0.0000000 -2.5000000 8.0000000 0.1500242
0.5000000 0.5000000 -0.5000000 0.0000000 -2.5000000 8.0000000 0.1500242
0.4999245 -0.4999245 0.4999245 0.4999245 2.4996225 2.4994715 0.27496375
0.4999245 0.4999245 -0.4999245 0.4999245 -2.5005285 2.5003775 0.27496375
}

016029b {; Anthony Hanmer 18/1/2007, Designed with BRAZIL
0.0000000 0.5000000 0.5000000 0.0000000 -2.5000000 8.0000000 0.1500242
-0.5000000 0.5000000 -0.5000000 0.0000000 -2.5000000 8.0000000 0.1500242
0.5000000 0.5000000 -0.5000000 0.0000000 -2.5000000 2.0000000 0.1500242
0.4999245 -0.4999245 0.4999245 0.4999245 2.4996225 2.4994715 0.27496375
0.4999245 0.4999245 -0.4999245 0.4999245 -2.5005285 2.5003775 0.27496375
}

016030b {; Anthony Hanmer 18/1/2007, Designed with BRAZIL
0.0000000 0.5000000 0.5000000 0.0000000 -2.5000000 8.0000000 0.1500242
-0.5000000 0.5000000 -0.5000000 0.0000000 -2.5000000 8.0000000 0.1500242
-0.5000000 0.5000000 0.5000000 0.0000000 -2.5000000 8.0000000 0.1500242
0.4999245 -0.4999245 0.4999245 0.4999245 2.4996225 2.4994715 0.27496375
0.4999245 0.4999245 -0.4999245 0.4999245 -2.5005285 2.5003775 0.27496375
}

016031b {; Anthony Hanmer 18/1/2007, Designed with BRAZIL
0.0000000 0.5000000 0.5000000 0.0000000 -2.5000000 8.0000000 0.1500242
-0.5000000 0.5000000 -0.5000000 0.0000000 -2.5000000 8.0000000 0.1500242
-0.5000000 0.5000000 0.5000000 0.0000000 -2.5000000 2.0000000 0.1500242
0.4999245 -0.4999245 0.4999245 0.4999245 2.4996225 2.4994715 0.27496375
0.4999245 0.4999245 -0.4999245 0.4999245 -2.5005285 2.5003775 0.27496375
}

016032b {; Anthony Hanmer 18/1/2007, Designed with BRAZIL
0.0000000 0.5000000 0.5000000 0.0000000 -2.5000000 8.0000000 0.1500242
-0.5000000 0.5000000 -0.5000000 0.0000000 -2.5000000 8.0000000 0.1500242
-0.5000000 0.0000000 -0.5000000 -0.5000000 3.0000000 7.5000000 0.1500242
0.4999245 -0.4999245 0.4999245 0.4999245 2.4996225 2.4994715 0.27496375
0.4999245 0.4999245 -0.4999245 0.4999245 -2.5005285 2.5003775 0.27496375
}

016033b {; Anthony Hanmer 18/1/2007, Designed with BRAZIL
0.0000000 0.5000000 0.5000000 0.0000000 -2.5000000 8.0000000 0.1500242
-0.5000000 0.5000000 -0.5000000 0.0000000 -2.5000000 8.0000000 0.1500242
-0.5000000 0.0000000 -0.5000000 -0.5000000 -3.0000000 7.5000000 0.1500242
0.4999245 -0.4999245 0.4999245 0.4999245 2.4996225 2.4994715 0.27496375
0.4999245 0.4999245 -0.4999245 0.4999245 -2.5005285 2.5003775 0.27496375
}

016034b {; Anthony Hanmer 18/1/2007, Designed with BRAZIL
0.0000000 0.5000000 0.5000000 0.0000000 -2.5000000 8.0000000 0.1500242
-0.5000000 0.5000000 -0.5000000 0.0000000 -2.5000000 8.0000000 0.1500242
0.5000000 0.0000000 0.5000000 -0.5000000 3.0000000 7.5000000 0.1500242
0.4999245 -0.4999245 0.4999245 0.4999245 2.4996225 2.4994715 0.27496375
0.4999245 0.4999245 -0.4999245 0.4999245 -2.5005285 2.5003775 0.27496375
}

016035b {; Anthony Hanmer 18/1/2007, Designed with BRAZIL
0.0000000 0.5000000 0.5000000 0.0000000 -2.5000000 8.0000000 0.1500242
-0.5000000 0.5000000 -0.5000000 0.0000000 -2.5000000 8.0000000 0.1500242
0.5000000 0.0000000 0.5000000 -0.5000000 -3.0000000 7.5000000 0.1500242
0.4999245 -0.4999245 0.4999245 0.4999245 2.4996225 2.4994715 0.27496375
0.4999245 0.4999245 -0.4999245 0.4999245 -2.5005285 2.5003775 0.27496375
}

016036b {; Anthony Hanmer 18/1/2007, Designed with BRAZIL
0.0000000 0.5000000 0.5000000 0.0000000 -2.5000000 8.0000000 0.1500242
-0.5000000 0.5000000 -0.5000000 0.0000000 -2.5000000 8.0000000 0.1500242
0.5000000 0.0000000 0.5000000 0.5000000 -3.0000000 2.5000000 0.1500242
0.4999245 -0.4999245 0.4999245 0.4999245 2.4996225 2.4994715 0.27496375
0.4999245 0.4999245 -0.4999245 0.4999245 -2.5005285 2.5003775 0.27496375
}

016037b {; Anthony Hanmer 18/1/2007, Designed with BRAZIL
0.0000000 0.5000000 0.5000000 0.0000000 -2.5000000 8.0000000 0.1500242
-0.5000000 0.5000000 -0.5000000 0.0000000 -2.5000000 8.0000000 0.1500242
0.5000000 0.0000000 0.5000000 0.5000000 3.0000000 2.5000000 0.1500242
0.4999245 -0.4999245 0.4999245 0.4999245 2.4996225 2.4994715 0.27496375
0.4999245 0.4999245 -0.4999245 0.4999245 -2.5005285 2.5003775 0.27496375
}

016038b {; Anthony Hanmer 18/1/2007, Designed with BRAZIL
0.0000000 0.5000000 0.5000000 0.0000000 -2.5000000 8.0000000 0.1500242
-0.5000000 0.5000000 -0.5000000 0.0000000 -2.5000000 8.0000000 0.1500242
-0.5000000 0.0000000 -0.5000000 0.5000000 -3.0000000 2.5000000 0.1500242
0.4999245 -0.4999245 0.4999245 0.4999245 2.4996225 2.4994715 0.27496375
0.4999245 0.4999245 -0.4999245 0.4999245 -2.5005285 2.5003775 0.27496375
}

016039b {; Anthony Hanmer 18/1/2007, Designed with BRAZIL
0.0000000 0.5000000 0.5000000 0.0000000 -2.5000000 8.0000000 0.1500242
-0.5000000 0.5000000 -0.5000000 0.0000000 -2.5000000 8.0000000 0.1500242
-0.5000000 0.0000000 -0.5000000 0.5000000 3.0000000 2.5000000 0.1500242
0.4999245 -0.4999245 0.4999245 0.4999245 2.4996225 2.4994715 0.27496375
0.4999245 0.4999245 -0.4999245 0.4999245 -2.5005285 2.5003775 0.27496375
}

016040b {; Anthony Hanmer 18/1/2007, Designed with BRAZIL
0.0000000 0.5000000 0.5000000 0.0000000 -2.5000000 8.0000000 0.1500242
-0.5000000 0.5000000 -0.5000000 0.0000000 -2.5000000 8.0000000 0.1500242
0.0000000 0.3715724 -0.6728164 0.0082518 -5.6284276 3.0353536 0.1500242
0.4999245 -0.4999245 0.4999245 0.4999245 2.4996225 2.4994715 0.27496375
0.4999245 0.4999245 -0.4999245 0.4999245 -2.5005285 2.5003775 0.27496375
}

016041b {; Anthony Hanmer 18/1/2007, Designed with BRAZIL
0.0000000 0.5000000 0.5000000 0.0000000 -2.5000000 8.0000000 0.1500242
-0.5000000 0.5000000 -0.5000000 0.0000000 -2.5000000 8.0000000 0.1500242
-0.5000000 0.0000000 0.5000000 -0.5000000 -3.0000000 7.5000000 0.1500242
0.4999245 -0.4999245 0.4999245 0.4999245 2.4996225 2.4994715 0.27496375
0.4999245 0.4999245 -0.4999245 0.4999245 -2.5005285 2.5003775 0.27496375
}

016042b {; Anthony Hanmer 18/1/2007, Designed with BRAZIL
0.0000000 0.5000000 0.5000000 0.0000000 -2.5000000 8.0000000 0.1500242
-0.5000000 0.5000000 -0.5000000 0.0000000 -2.5000000 8.0000000 0.1500242
-0.5000000 0.0000000 0.5000000 -0.5000000 3.0000000 7.5000000 0.1500242
0.4999245 -0.4999245 0.4999245 0.4999245 2.4996225 2.4994715 0.27496375
0.4999245 0.4999245 -0.4999245 0.4999245 -2.5005285 2.5003775 0.27496375
}

016043b {; Anthony Hanmer 18/1/2007, Designed with BRAZIL
0.0000000 0.5000000 0.5000000 0.0000000 -2.5000000 8.0000000 0.1500242
-0.5000000 0.5000000 -0.5000000 0.0000000 -2.5000000 8.0000000 0.1500242
0.5000000 0.0000000 -0.5000000 -0.5000000 3.0000000 7.5000000 0.1500242
0.4999245 -0.4999245 0.4999245 0.4999245 2.4996225 2.4994715 0.27496375
0.4999245 0.4999245 -0.4999245 0.4999245 -2.5005285 2.5003775 0.27496375
}

016044b {; Anthony Hanmer 18/1/2007, Designed with BRAZIL
0.0000000 0.5000000 0.5000000 0.0000000 -2.5000000 8.0000000 0.1500242
-0.5000000 0.5000000 -0.5000000 0.0000000 -2.5000000 8.0000000 0.1500242
0.5000000 0.0000000 -0.5000000 0.5000000 -3.0000000 2.5000000 0.1500242
0.4999245 -0.4999245 0.4999245 0.4999245 2.4996225 2.4994715 0.27496375
0.4999245 0.4999245 -0.4999245 0.4999245 -2.5005285 2.5003775 0.27496375
}

016045b {; Anthony Hanmer 18/1/2007, Designed with BRAZIL
0.0000000 0.5000000 0.5000000 0.0000000 -2.5000000 8.0000000 0.1500242
-0.5000000 0.5000000 -0.5000000 0.0000000 -2.5000000 8.0000000 0.1500242
0.5000000 0.0000000 -0.5000000 0.5000000 3.0000000 2.5000000 0.1500242
0.4999245 -0.4999245 0.4999245 0.4999245 2.4996225 2.4994715 0.27496375
0.4999245 0.4999245 -0.4999245 0.4999245 -2.5005285 2.5003775 0.27496375
}

016046b {; Anthony Hanmer 18/1/2007, Designed with BRAZIL
0.0000000 0.5000000 0.5000000 0.0000000 -2.5000000 8.0000000 0.1500242
-0.5000000 0.5000000 -0.5000000 0.0000000 -2.5000000 8.0000000 0.1500242
-0.5000000 0.0000000 0.5000000 0.5000000 -3.0000000 2.5000000 0.1500242
0.4999245 -0.4999245 0.4999245 0.4999245 2.4996225 2.4994715 0.27496375
0.4999245 0.4999245 -0.4999245 0.4999245 -2.5005285 2.5003775 0.27496375
}

016047b {; Anthony Hanmer 18/1/2007, Designed with BRAZIL
0.0000000 0.5000000 0.5000000 0.0000000 -2.5000000 8.0000000 0.1500242
-0.5000000 0.5000000 -0.5000000 0.0000000 -2.5000000 8.0000000 0.1500242
-0.5000000 0.0000000 0.5000000 0.5000000 3.0000000 2.5000000 0.1500242
0.4999245 -0.4999245 0.4999245 0.4999245 2.4996225 2.4994715 0.27496375
0.4999245 0.4999245 -0.4999245 0.4999245 -2.5005285 2.5003775 0.27496375
}

016048b {; Anthony Hanmer 18/1/2007, Designed with BRAZIL
0.0000000 0.5000000 0.5000000 0.0000000 -2.5000000 8.0000000 0.1500242
-0.5000000 0.5000000 -0.5000000 0.0000000 -2.5000000 8.0000000 0.1500242
-0.5000000 -0.5000000 -0.5000000 0.0000000 2.5000000 2.0000000 0.1500242
0.4999245 -0.4999245 0.4999245 0.4999245 2.4996225 2.4994715 0.27496375
0.4999245 0.4999245 -0.4999245 0.4999245 -2.5005285 2.5003775 0.27496375
}

016049b {; Anthony Hanmer 18/1/2007, Designed with BRAZIL
0.0000000 0.5000000 0.5000000 0.0000000 -2.5000000 8.0000000 0.1500242
-0.5000000 0.5000000 -0.5000000 0.0000000 -2.5000000 8.0000000 0.1500242
-0.5000000 0.5000000 -0.5000000 0.0000000 -2.5000000 8.0000000 0.1500242
0.4999245 -0.4999245 0.4999245 0.4999245 2.4996225 2.4994715 0.27496375
0.4999245 0.4999245 -0.4999245 0.4999245 -2.5005285 2.5003775 0.27496375
}

016050b {; Anthony Hanmer 18/1/2007, Designed with BRAZIL
0.0000000 0.5000000 0.5000000 0.0000000 -2.5000000 8.0000000 0.1500242
-0.5000000 0.5000000 -0.5000000 0.0000000 -2.5000000 8.0000000 0.1500242
0.5000000 0.5000000 0.5000000 0.0000000 -2.5000000 8.0000000 0.1500242
0.4999245 -0.4999245 0.4999245 0.4999245 2.4996225 2.4994715 0.27496375
0.4999245 0.4999245 -0.4999245 0.4999245 -2.5005285 2.5003775 0.27496375
}

016051b {; Anthony Hanmer 18/1/2007, Designed with BRAZIL
0.0000000 0.5000000 0.5000000 0.0000000 -2.5000000 8.0000000 0.1500242
-0.5000000 0.5000000 -0.5000000 0.0000000 -2.5000000 8.0000000 0.1500242
0.5000000 -0.5000000 0.5000000 0.0000000 2.5000000 2.0000000 0.1500242
0.4999245 -0.4999245 0.4999245 0.4999245 2.4996225 2.4994715 0.27496375
0.4999245 0.4999245 -0.4999245 0.4999245 -2.5005285 2.5003775 0.27496375
}

016052b {; Anthony Hanmer 18/1/2007, Designed with BRAZIL
0.0000000 0.5000000 0.5000000 0.0000000 -2.5000000 8.0000000 0.1500242
-0.5000000 0.5000000 -0.5000000 0.0000000 -2.5000000 8.0000000 0.1500242
-0.5000000 0.0000000 0.0000000 -0.5000000 -3.0000000 4.5000000 0.1500242
0.4999245 -0.4999245 0.4999245 0.4999245 2.4996225 2.4994715 0.27496375
0.4999245 0.4999245 -0.4999245 0.4999245 -2.5005285 2.5003775 0.27496375
}

016053b {; Anthony Hanmer 18/1/2007, Designed with BRAZIL
0.0000000 0.5000000 0.5000000 0.0000000 -2.5000000 8.0000000 0.1500242
-0.5000000 0.5000000 -0.5000000 0.0000000 -2.5000000 8.0000000 0.1500242
-0.5000000 0.0000000 0.0000000 -0.5000000 3.0000000 4.5000000 0.1500242
0.4999245 -0.4999245 0.4999245 0.4999245 2.4996225 2.4994715 0.27496375
0.4999245 0.4999245 -0.4999245 0.4999245 -2.5005285 2.5003775 0.27496375
}

016054b {; Anthony Hanmer 18/1/2007, Designed with BRAZIL
0.0000000 0.5000000 0.5000000 0.0000000 -2.5000000 8.0000000 0.1500242
-0.5000000 0.5000000 -0.5000000 0.0000000 -2.5000000 8.0000000 0.1500242
-0.5000000 0.0000000 0.0000000 -0.5000000 3.0000000 10.5000000 0.1500242
0.4999245 -0.4999245 0.4999245 0.4999245 2.4996225 2.4994715 0.27496375
0.4999245 0.4999245 -0.4999245 0.4999245 -2.5005285 2.5003775 0.27496375
}

016055b {; Anthony Hanmer 18/1/2007, Designed with BRAZIL
0.0000000 0.5000000 0.5000000 0.0000000 -2.5000000 8.0000000 0.1500242
-0.5000000 0.5000000 -0.5000000 0.0000000 -2.5000000 8.0000000 0.1500242
-0.5000000 0.0000000 0.0000000 -0.5000000 -3.0000000 10.5000000 0.1500242
0.4999245 -0.4999245 0.4999245 0.4999245 2.4996225 2.4994715 0.27496375
0.4999245 0.4999245 -0.4999245 0.4999245 -2.5005285 2.5003775 0.27496375
}

016056b {; Anthony Hanmer 18/1/2007, Designed with BRAZIL
0.0000000 0.5000000 0.5000000 0.0000000 -2.5000000 8.0000000 0.1500242
-0.5000000 0.5000000 -0.5000000 0.0000000 -2.5000000 8.0000000 0.1500242
0.5000000 0.0000000 0.0000000 -0.5000000 3.0000000 10.5000000 0.1500242
0.4999245 -0.4999245 0.4999245 0.4999245 2.4996225 2.4994715 0.27496375
0.4999245 0.4999245 -0.4999245 0.4999245 -2.5005285 2.5003775 0.27496375
}

016057b {; Anthony Hanmer 18/1/2007, Designed with BRAZIL
0.0000000 0.5000000 0.5000000 0.0000000 -2.5000000 8.0000000 0.1500242
-0.5000000 0.5000000 -0.5000000 0.0000000 -2.5000000 8.0000000 0.1500242
0.5000000 0.0000000 0.0000000 -0.5000000 3.0000000 4.5000000 0.1500242
0.4999245 -0.4999245 0.4999245 0.4999245 2.4996225 2.4994715 0.27496375
0.4999245 0.4999245 -0.4999245 0.4999245 -2.5005285 2.5003775 0.27496375
}

016058b {; Anthony Hanmer 18/1/2007, Designed with BRAZIL
0.0000000 0.5000000 0.5000000 0.0000000 -2.5000000 8.0000000 0.1500242
-0.5000000 0.5000000 -0.5000000 0.0000000 -2.5000000 8.0000000 0.1500242
0.5000000 0.0000000 0.0000000 -0.5000000 -3.0000000 4.5000000 0.1500242
0.4999245 -0.4999245 0.4999245 0.4999245 2.4996225 2.4994715 0.27496375
0.4999245 0.4999245 -0.4999245 0.4999245 -2.5005285 2.5003775 0.27496375
}

016059b {; Anthony Hanmer 18/1/2007, Designed with BRAZIL
0.0000000 0.5000000 0.5000000 0.0000000 -2.5000000 8.0000000 0.1500242
-0.5000000 0.5000000 -0.5000000 0.0000000 -2.5000000 8.0000000 0.1500242
0.5000000 0.0000000 0.0000000 -0.5000000 -3.0000000 10.5000000 0.1500242
0.4999245 -0.4999245 0.4999245 0.4999245 2.4996225 2.4994715 0.27496375
0.4999245 0.4999245 -0.4999245 0.4999245 -2.5005285 2.5003775 0.27496375
}

016060b {; Anthony Hanmer 18/1/2007, Designed with BRAZIL
0.0000000 0.5000000 0.5000000 0.0000000 -2.5000000 8.0000000 0.1500242
-0.5000000 0.5000000 -0.5000000 0.0000000 -2.5000000 8.0000000 0.1500242
-0.5000000 0.0000000 0.0000000 0.5000000 -3.0000000 5.5000000 0.1500242
0.4999245 -0.4999245 0.4999245 0.4999245 2.4996225 2.4994715 0.27496375
0.4999245 0.4999245 -0.4999245 0.4999245 -2.5005285 2.5003775 0.27496375
}

016061b {; Anthony Hanmer 18/1/2007, Designed with BRAZIL
0.0000000 0.5000000 0.5000000 0.0000000 -2.5000000 8.0000000 0.1500242
-0.5000000 0.5000000 -0.5000000 0.0000000 -2.5000000 8.0000000 0.1500242
-0.5000000 0.0000000 0.0000000 0.5000000 3.0000000 5.5000000 0.1500242
0.4999245 -0.4999245 0.4999245 0.4999245 2.4996225 2.4994715 0.27496375
0.4999245 0.4999245 -0.4999245 0.4999245 -2.5005285 2.5003775 0.27496375
}

016062b {; Anthony Hanmer 18/1/2007, Designed with BRAZIL
0.0000000 0.5000000 0.5000000 0.0000000 -2.5000000 8.0000000 0.1500242
-0.5000000 0.5000000 -0.5000000 0.0000000 -2.5000000 8.0000000 0.1500242
-0.5000000 0.0000000 0.0000000 0.5000000 3.0000000 -0.5000000 0.1500242
0.4999245 -0.4999245 0.4999245 0.4999245 2.4996225 2.4994715 0.27496375
0.4999245 0.4999245 -0.4999245 0.4999245 -2.5005285 2.5003775 0.27496375
}

016063b {; Anthony Hanmer 18/1/2007, Designed with BRAZIL
0.0000000 0.5000000 0.5000000 0.0000000 -2.5000000 8.0000000 0.1500242
-0.5000000 0.5000000 -0.5000000 0.0000000 -2.5000000 8.0000000 0.1500242
-0.5000000 0.0000000 0.0000000 0.5000000 -3.0000000 -0.5000000 0.1500242
0.4999245 -0.4999245 0.4999245 0.4999245 2.4996225 2.4994715 0.27496375
0.4999245 0.4999245 -0.4999245 0.4999245 -2.5005285 2.5003775 0.27496375
}

016064b {; Anthony Hanmer 18/1/2007, Designed with BRAZIL
0.0000000 0.5000000 0.5000000 0.0000000 -2.5000000 8.0000000 0.1500242
-0.5000000 0.5000000 -0.5000000 0.0000000 -2.5000000 8.0000000 0.1500242
0.5000000 0.0000000 0.0000000 0.5000000 3.0000000 -0.5000000 0.1500242
0.4999245 -0.4999245 0.4999245 0.4999245 2.4996225 2.4994715 0.27496375
0.4999245 0.4999245 -0.4999245 0.4999245 -2.5005285 2.5003775 0.27496375
}

016065b {; Anthony Hanmer 18/1/2007, Designed with BRAZIL
0.0000000 0.5000000 0.5000000 0.0000000 -2.5000000 8.0000000 0.1500242
-0.5000000 0.5000000 -0.5000000 0.0000000 -2.5000000 8.0000000 0.1500242
0.5000000 0.0000000 0.0000000 0.5000000 3.0000000 5.5000000 0.1500242
0.4999245 -0.4999245 0.4999245 0.4999245 2.4996225 2.4994715 0.27496375
0.4999245 0.4999245 -0.4999245 0.4999245 -2.5005285 2.5003775 0.27496375
}

016066b {; Anthony Hanmer 18/1/2007, Designed with BRAZIL
0.0000000 0.5000000 0.5000000 0.0000000 -2.5000000 8.0000000 0.1500242
-0.5000000 0.5000000 -0.5000000 0.0000000 -2.5000000 8.0000000 0.1500242
0.5000000 0.0000000 0.0000000 0.5000000 -3.0000000 5.5000000 0.1500242
0.4999245 -0.4999245 0.4999245 0.4999245 2.4996225 2.4994715 0.27496375
0.4999245 0.4999245 -0.4999245 0.4999245 -2.5005285 2.5003775 0.27496375
}

016067b {; Anthony Hanmer 18/1/2007, Designed with BRAZIL
0.0000000 0.5000000 0.5000000 0.0000000 -2.5000000 8.0000000 0.1500242
-0.5000000 0.5000000 -0.5000000 0.0000000 -2.5000000 8.0000000 0.1500242
0.5000000 0.0000000 0.0000000 0.5000000 -3.0000000 -0.5000000 0.1500242
0.4999245 -0.4999245 0.4999245 0.4999245 2.4996225 2.4994715 0.27496375
0.4999245 0.4999245 -0.4999245 0.4999245 -2.5005285 2.5003775 0.27496375
}

016068b {; Anthony Hanmer 18/1/2007, Designed with BRAZIL
0.0000000 0.5000000 0.5000000 0.0000000 -2.5000000 8.0000000 0.1500242
-0.5000000 0.5000000 -0.5000000 0.0000000 -2.5000000 8.0000000 0.1500242
0.0000000 0.5000000 -0.5000000 0.0000000 -5.5000000 2.0000000 0.1500242
0.4999245 -0.4999245 0.4999245 0.4999245 2.4996225 2.4994715 0.27496375
0.4999245 0.4999245 -0.4999245 0.4999245 -2.5005285 2.5003775 0.27496375
}

016069b {; Anthony Hanmer 18/1/2007, Designed with BRAZIL
0.0000000 0.5000000 0.5000000 0.0000000 -2.5000000 8.0000000 0.1500242
-0.5000000 0.5000000 -0.5000000 0.0000000 -2.5000000 8.0000000 0.1500242
0.0000000 0.5000000 -0.5000000 0.0000000 0.5000000 2.0000000 0.1500242
0.4999245 -0.4999245 0.4999245 0.4999245 2.4996225 2.4994715 0.27496375
0.4999245 0.4999245 -0.4999245 0.4999245 -2.5005285 2.5003775 0.27496375
}

016070b {; Anthony Hanmer 18/1/2007, Designed with BRAZIL
0.0000000 0.5000000 0.5000000 0.0000000 -2.5000000 8.0000000 0.1500242
-0.5000000 0.5000000 -0.5000000 0.0000000 -2.5000000 8.0000000 0.1500242
0.0000000 0.5000000 -0.5000000 0.0000000 0.5000000 8.0000000 0.1500242
0.4999245 -0.4999245 0.4999245 0.4999245 2.4996225 2.4994715 0.27496375
0.4999245 0.4999245 -0.4999245 0.4999245 -2.5005285 2.5003775 0.27496375
}

016071b {; Anthony Hanmer 18/1/2007, Designed with BRAZIL
0.0000000 0.5000000 0.5000000 0.0000000 -2.5000000 8.0000000 0.1500242
-0.5000000 0.5000000 -0.5000000 0.0000000 -2.5000000 8.0000000 0.1500242
0.0000000 0.5000000 -0.5000000 0.0000000 -5.5000000 8.0000000 0.1500242
0.4999245 -0.4999245 0.4999245 0.4999245 2.4996225 2.4994715 0.27496375
0.4999245 0.4999245 -0.4999245 0.4999245 -2.5005285 2.5003775 0.27496375
}

016072b {; Anthony Hanmer 18/1/2007, Designed with BRAZIL
0.0000000 0.5000000 0.5000000 0.0000000 -2.5000000 8.0000000 0.1500242
-0.5000000 0.5000000 -0.5000000 0.0000000 -2.5000000 8.0000000 0.1500242
0.0000000 0.5000000 0.5000000 0.0000000 -2.5000000 8.0000000 0.1500242
0.4999245 -0.4999245 0.4999245 0.4999245 2.4996225 2.4994715 0.27496375
0.4999245 0.4999245 -0.4999245 0.4999245 -2.5005285 2.5003775 0.27496375
}

016073b {; Anthony Hanmer 18/1/2007, Designed with BRAZIL
0.0000000 0.5000000 0.5000000 0.0000000 -2.5000000 8.0000000 0.1500242
-0.5000000 0.5000000 -0.5000000 0.0000000 -2.5000000 8.0000000 0.1500242
0.0000000 0.5000000 0.5000000 0.0000000 0.5000000 8.0000000 0.1500242
0.4999245 -0.4999245 0.4999245 0.4999245 2.4996225 2.4994715 0.27496375
0.4999245 0.4999245 -0.4999245 0.4999245 -2.5005285 2.5003775 0.27496375
}

016074b {; Anthony Hanmer 18/1/2007, Designed with BRAZIL
0.0000000 0.5000000 0.5000000 0.0000000 -2.5000000 8.0000000 0.1500242
-0.5000000 0.5000000 -0.5000000 0.0000000 -2.5000000 8.0000000 0.1500242
0.0000000 0.5000000 0.5000000 0.0000000 0.5000000 2.0000000 0.1500242
0.4999245 -0.4999245 0.4999245 0.4999245 2.4996225 2.4994715 0.27496375
0.4999245 0.4999245 -0.4999245 0.4999245 -2.5005285 2.5003775 0.27496375
}

016075b {; Anthony Hanmer 18/1/2007, Designed with BRAZIL
0.0000000 0.5000000 0.5000000 0.0000000 -2.5000000 8.0000000 0.1500242
-0.5000000 0.5000000 -0.5000000 0.0000000 -2.5000000 8.0000000 0.1500242
0.0000000 0.5000000 0.5000000 0.0000000 -5.5000000 2.0000000 0.1500242
0.4999245 -0.4999245 0.4999245 0.4999245 2.4996225 2.4994715 0.27496375
0.4999245 0.4999245 -0.4999245 0.4999245 -2.5005285 2.5003775 0.27496375
}

016076b {; Anthony Hanmer 18/1/2007, Designed with BRAZIL
0.0000000 0.5000000 0.5000000 0.0000000 -2.5000000 8.0000000 0.1500242
-0.5000000 0.5000000 -0.5000000 0.0000000 -2.5000000 8.0000000 0.1500242
0.0000000 -0.5000000 0.5000000 0.0000000 -0.5000000 2.0000000 0.1500242
0.4999245 -0.4999245 0.4999245 0.4999245 2.4996225 2.4994715 0.27496375
0.4999245 0.4999245 -0.4999245 0.4999245 -2.5005285 2.5003775 0.27496375
}

016077b {; Anthony Hanmer 18/1/2007, Designed with BRAZIL
0.0000000 0.5000000 0.5000000 0.0000000 -2.5000000 8.0000000 0.1500242
-0.5000000 0.5000000 -0.5000000 0.0000000 -2.5000000 8.0000000 0.1500242
0.0000000 -0.5000000 0.5000000 0.0000000 5.5000000 2.0000000 0.1500242
0.4999245 -0.4999245 0.4999245 0.4999245 2.4996225 2.4994715 0.27496375
0.4999245 0.4999245 -0.4999245 0.4999245 -2.5005285 2.5003775 0.27496375
}

016078b {; Anthony Hanmer 18/1/2007, Designed with BRAZIL
0.0000000 0.5000000 0.5000000 0.0000000 -2.5000000 8.0000000 0.1500242
-0.5000000 0.5000000 -0.5000000 0.0000000 -2.5000000 8.0000000 0.1500242
0.0000000 -0.5000000 0.5000000 0.0000000 5.5000000 8.0000000 0.1500242
0.4999245 -0.4999245 0.4999245 0.4999245 2.4996225 2.4994715 0.27496375
0.4999245 0.4999245 -0.4999245 0.4999245 -2.5005285 2.5003775 0.27496375
}

016079b {; Anthony Hanmer 18/1/2007, Designed with BRAZIL
0.0000000 0.5000000 0.5000000 0.0000000 -2.5000000 8.0000000 0.1500242
-0.5000000 0.5000000 -0.5000000 0.0000000 -2.5000000 8.0000000 0.1500242
0.0000000 -0.5000000 0.5000000 0.0000000 -0.5000000 8.0000000 0.1500242
0.4999245 -0.4999245 0.4999245 0.4999245 2.4996225 2.4994715 0.27496375
0.4999245 0.4999245 -0.4999245 0.4999245 -2.5005285 2.5003775 0.27496375
}

016080b {; Anthony Hanmer 18/1/2007, Designed with BRAZIL
0.0000000 0.5000000 0.5000000 0.0000000 -2.5000000 8.0000000 0.1500242
-0.5000000 0.5000000 -0.5000000 0.0000000 -2.5000000 8.0000000 0.1500242
0.0000000 -0.5000000 -0.5000000 0.0000000 -0.5000000 2.0000000 0.1500242
0.4999245 -0.4999245 0.4999245 0.4999245 2.4996225 2.4994715 0.27496375
0.4999245 0.4999245 -0.4999245 0.4999245 -2.5005285 2.5003775 0.27496375
}

016081b {; Anthony Hanmer 18/1/2007, Designed with BRAZIL
0.0000000 0.5000000 0.5000000 0.0000000 -2.5000000 8.0000000 0.1500242
-0.5000000 0.5000000 -0.5000000 0.0000000 -2.5000000 8.0000000 0.1500242
0.0000000 -0.5000000 -0.5000000 0.0000000 5.5000000 2.0000000 0.1500242
0.4999245 -0.4999245 0.4999245 0.4999245 2.4996225 2.4994715 0.27496375
0.4999245 0.4999245 -0.4999245 0.4999245 -2.5005285 2.5003775 0.27496375
}

016082b {; Anthony Hanmer 18/1/2007, Designed with BRAZIL
0.0000000 0.5000000 0.5000000 0.0000000 -2.5000000 8.0000000 0.1500242
-0.5000000 0.5000000 -0.5000000 0.0000000 -2.5000000 8.0000000 0.1500242
0.0000000 -0.5000000 -0.5000000 0.0000000 5.5000000 8.0000000 0.1500242
0.4999245 -0.4999245 0.4999245 0.4999245 2.4996225 2.4994715 0.27496375
0.4999245 0.4999245 -0.4999245 0.4999245 -2.5005285 2.5003775 0.27496375
}

016083b {; Anthony Hanmer 18/1/2007, Designed with BRAZIL
0.0000000 0.5000000 0.5000000 0.0000000 -2.5000000 8.0000000 0.1500242
-0.5000000 0.5000000 -0.5000000 0.0000000 -2.5000000 8.0000000 0.1500242
0.0000000 -0.5000000 -0.5000000 0.0000000 -0.5000000 8.0000000 0.1500242
0.4999245 -0.4999245 0.4999245 0.4999245 2.4996225 2.4994715 0.27496375
0.4999245 0.4999245 -0.4999245 0.4999245 -2.5005285 2.5003775 0.27496375
}

016084b {; Anthony Hanmer 18/1/2007, Designed with BRAZIL
0.0000000 0.5000000 0.5000000 0.0000000 -2.5000000 8.0000000 0.1500242
-0.5000000 0.5000000 -0.5000000 0.0000000 -2.5000000 8.0000000 0.1500242
0.6728164 0.0064108 0.0000000 0.3715724 -1.9566910 6.8955724 0.1500242
0.4999245 -0.4999245 0.4999245 0.4999245 2.4996225 2.4994715 0.27496375
0.4999245 0.4999245 -0.4999245 0.4999245 -2.5005285 2.5003775 0.27496375
}

016085b {; Anthony Hanmer 18/1/2007, Designed with BRAZIL
0.0000000 0.5000000 0.5000000 0.0000000 -2.5000000 8.0000000 0.1500242
-0.5000000 0.5000000 -0.5000000 0.0000000 -2.5000000 8.0000000 0.1500242
0.6728164 0.0064108 0.0000000 0.3715724 1.8953090 6.8955724 0.1500242
0.4999245 -0.4999245 0.4999245 0.4999245 2.4996225 2.4994715 0.27496375
0.4999245 0.4999245 -0.4999245 0.4999245 -2.5005285 2.5003775 0.27496375
}

016086b {; Anthony Hanmer 18/1/2007, Designed with BRAZIL
0.0000000 0.5000000 0.5000000 0.0000000 -2.5000000 8.0000000 0.1500242
-0.5000000 0.5000000 -0.5000000 0.0000000 -2.5000000 8.0000000 0.1500242
0.6728164 0.0064108 0.0000000 0.3715724 1.8953090 -0.6284276 0.1500242
