021989a {; Anthony Hanmer 18/1/2007, Designed with BRAZIL
0.5000000 0.0000000 0.0000000 0.5000000 -3.0000000 -0.5000000 0.1500242
-0.5000000 0.5000000 -0.5000000 0.0000000 -2.5000000 2.0000000 0.1500242
-0.6728164 -0.0082518 0.0000000 0.3715724 1.9548501 -0.6284276 0.1500242
0.4999245 -0.4999245 0.4999245 0.4999245 2.4996225 2.4994715 0.27496375
-0.4999245 0.4999245 -0.4999245 -0.4999245 -2.4996225 7.5005285 0.27496375
}

021990a {; Anthony Hanmer 18/1/2007, Designed with BRAZIL
0.5000000 0.0000000 0.0000000 0.5000000 -3.0000000 -0.5000000 0.1500242
-0.5000000 0.5000000 -0.5000000 0.0000000 -2.5000000 2.0000000 0.1500242
-0.6728164 -0.0082518 0.0000000 0.3715724 1.9548501 6.9075724 0.1500242
0.4999245 -0.4999245 0.4999245 0.4999245 2.4996225 2.4994715 0.27496375
-0.4999245 0.4999245 -0.4999245 -0.4999245 -2.4996225 7.5005285 0.27496375
}

021991a {; Anthony Hanmer 18/1/2007, Designed with BRAZIL
0.5000000 0.0000000 0.0000000 0.5000000 -3.0000000 -0.5000000 0.1500242
-0.5000000 0.5000000 -0.5000000 0.0000000 -2.5000000 2.0000000 0.1500242
0.0000000 -0.3715724 0.6728164 0.0064108 -1.8955724 3.0433090 0.1500242
0.4999245 -0.4999245 0.4999245 0.4999245 2.4996225 2.4994715 0.27496375
-0.4999245 0.4999245 -0.4999245 -0.4999245 -2.4996225 7.5005285 0.27496375
}

021992a {; Anthony Hanmer 18/1/2007, Designed with BRAZIL
0.5000000 0.0000000 0.0000000 0.5000000 -3.0000000 -0.5000000 0.1500242
-0.5000000 0.5000000 -0.5000000 0.0000000 -2.5000000 2.0000000 0.1500242
0.0000000 -0.3715724 0.6728164 0.0064108 5.6284276 3.0433090 0.1500242
0.4999245 -0.4999245 0.4999245 0.4999245 2.4996225 2.4994715 0.27496375
-0.4999245 0.4999245 -0.4999245 -0.4999245 -2.4996225 7.5005285 0.27496375
}

021993a {; Anthony Hanmer 18/1/2007, Designed with BRAZIL
0.5000000 0.0000000 0.0000000 0.5000000 -3.0000000 -0.5000000 0.1500242
-0.5000000 0.5000000 -0.5000000 0.0000000 -2.5000000 2.0000000 0.1500242
0.0000000 -0.3715724 0.6728164 0.0064108 5.6284276 6.9073090 0.1500242
0.4999245 -0.4999245 0.4999245 0.4999245 2.4996225 2.4994715 0.27496375
-0.4999245 0.4999245 -0.4999245 -0.4999245 -2.4996225 7.5005285 0.27496375
}

021994a {; Anthony Hanmer 18/1/2007, Designed with BRAZIL
0.5000000 0.0000000 0.0000000 0.5000000 -3.0000000 -0.5000000 0.1500242
-0.5000000 0.5000000 -0.5000000 0.0000000 -2.5000000 2.0000000 0.1500242
0.0000000 -0.3715724 0.6728164 -0.0082518 -1.8955724 6.9406464 0.1500242
0.4999245 -0.4999245 0.4999245 0.4999245 2.4996225 2.4994715 0.27496375
-0.4999245 0.4999245 -0.4999245 -0.4999245 -2.4996225 7.5005285 0.27496375
}

021995a {; Anthony Hanmer 18/1/2007, Designed with BRAZIL
0.5000000 0.0000000 0.0000000 0.5000000 -3.0000000 -0.5000000 0.1500242
-0.5000000 0.5000000 -0.5000000 0.0000000 -2.5000000 2.0000000 0.1500242
0.0000000 0.3715724 0.6728164 -0.0064108 1.9315724 6.9544874 0.1500242
0.4999245 -0.4999245 0.4999245 0.4999245 2.4996225 2.4994715 0.27496375
-0.4999245 0.4999245 -0.4999245 -0.4999245 -2.4996225 7.5005285 0.27496375
}

021996a {; Anthony Hanmer 18/1/2007, Designed with BRAZIL
0.5000000 0.0000000 0.0000000 0.5000000 -3.0000000 -0.5000000 0.1500242
-0.5000000 0.5000000 -0.5000000 0.0000000 -2.5000000 2.0000000 0.1500242
0.0000000 0.3715724 0.6728164 0.0082518 1.9195724 3.0451499 0.1500242
0.4999245 -0.4999245 0.4999245 0.4999245 2.4996225 2.4994715 0.27496375
-0.4999245 0.4999245 -0.4999245 -0.4999245 -2.4996225 7.5005285 0.27496375
}

021997a {; Anthony Hanmer 18/1/2007, Designed with BRAZIL
0.5000000 0.0000000 0.0000000 0.5000000 -3.0000000 -0.5000000 0.1500242
-0.5000000 0.5000000 -0.5000000 0.0000000 -2.5000000 2.0000000 0.1500242
0.0000000 0.3715724 0.6728164 0.0082518 -5.6284276 3.0451499 0.1500242
0.4999245 -0.4999245 0.4999245 0.4999245 2.4996225 2.4994715 0.27496375
-0.4999245 0.4999245 -0.4999245 -0.4999245 -2.4996225 7.5005285 0.27496375
}

021998a {; Anthony Hanmer 18/1/2007, Designed with BRAZIL
0.5000000 0.0000000 0.0000000 0.5000000 -3.0000000 -0.5000000 0.1500242
-0.5000000 0.5000000 -0.5000000 0.0000000 -2.5000000 2.0000000 0.1500242
0.0000000 0.3715724 -0.6728164 0.0082518 -5.6284276 3.0353536 0.1500242
0.4999245 -0.4999245 0.4999245 0.4999245 2.4996225 2.4994715 0.27496375
-0.4999245 0.4999245 -0.4999245 -0.4999245 -2.4996225 7.5005285 0.27496375
}

021999a {; Anthony Hanmer 18/1/2007, Designed with BRAZIL
0.5000000 0.0000000 0.0000000 0.5000000 -3.0000000 -0.5000000 0.1500242
-0.5000000 0.5000000 -0.5000000 0.0000000 -2.5000000 2.0000000 0.1500242
0.0000000 0.3715724 -0.6728164 0.0082518 1.9195724 3.0353536 0.1500242
0.4999245 -0.4999245 0.4999245 0.4999245 2.4996225 2.4994715 0.27496375
-0.4999245 0.4999245 -0.4999245 -0.4999245 -2.4996225 7.5005285 0.27496375
}

022000a {; Anthony Hanmer 18/1/2007, Designed with BRAZIL
-0.5000000 0.0000000 0.0000000 0.5000000 -3.0000000 5.5000000 0.1500242
-0.5000000 0.5000000 -0.5000000 0.0000000 -2.5000000 2.0000000 0.1500242
0.6728164 0.0064108 0.0000000 0.3715724 -1.9566910 -0.6284276 0.1500242
0.4999245 -0.4999245 0.4999245 0.4999245 2.4996225 2.4994715 0.27496375
-0.4999245 0.4999245 -0.4999245 -0.4999245 -2.4996225 7.5005285 0.27496375
}

022001a {; Anthony Hanmer 18/1/2007, Designed with BRAZIL
-0.5000000 0.0000000 0.0000000 0.5000000 -3.0000000 5.5000000 0.1500242
-0.5000000 0.5000000 -0.5000000 0.0000000 -2.5000000 2.0000000 0.1500242
0.5000000 -0.5000000 0.0000000 -0.5000000 2.5000000 4.5000000 0.1500242
0.4999245 -0.4999245 0.4999245 0.4999245 2.4996225 2.4994715 0.27496375
-0.4999245 0.4999245 -0.4999245 -0.4999245 -2.4996225 7.5005285 0.27496375
}

022002a {; Anthony Hanmer 18/1/2007, Designed with BRAZIL
-0.5000000 0.0000000 0.0000000 0.5000000 -3.0000000 5.5000000 0.1500242
-0.5000000 0.5000000 -0.5000000 0.0000000 -2.5000000 2.0000000 0.1500242
0.5000000 0.5000000 0.0000000 -0.5000000 -2.5000000 4.5000000 0.1500242
0.4999245 -0.4999245 0.4999245 0.4999245 2.4996225 2.4994715 0.27496375
-0.4999245 0.4999245 -0.4999245 -0.4999245 -2.4996225 7.5005285 0.27496375
}

022003a {; Anthony Hanmer 18/1/2007, Designed with BRAZIL
-0.5000000 0.0000000 0.0000000 0.5000000 -3.0000000 5.5000000 0.1500242
-0.5000000 0.5000000 -0.5000000 0.0000000 -2.5000000 2.0000000 0.1500242
0.5000000 0.5000000 0.5000000 0.0000000 -2.5000000 2.0000000 0.1500242
0.4999245 -0.4999245 0.4999245 0.4999245 2.4996225 2.4994715 0.27496375
-0.4999245 0.4999245 -0.4999245 -0.4999245 -2.4996225 7.5005285 0.27496375
}

022004a {; Anthony Hanmer 18/1/2007, Designed with BRAZIL
-0.5000000 0.0000000 0.0000000 0.5000000 -3.0000000 5.5000000 0.1500242
-0.5000000 0.5000000 -0.5000000 0.0000000 -2.5000000 2.0000000 0.1500242
0.5000000 0.0000000 0.5000000 -0.5000000 -3.0000000 7.5000000 0.1500242
0.4999245 -0.4999245 0.4999245 0.4999245 2.4996225 2.4994715 0.27496375
-0.4999245 0.4999245 -0.4999245 -0.4999245 -2.4996225 7.5005285 0.27496375
}

022005a {; Anthony Hanmer 18/1/2007, Designed with BRAZIL
-0.5000000 0.0000000 0.0000000 0.5000000 -3.0000000 5.5000000 0.1500242
-0.5000000 0.5000000 -0.5000000 0.0000000 -2.5000000 2.0000000 0.1500242
0.5000000 0.0000000 -0.5000000 -0.5000000 -3.0000000 7.5000000 0.1500242
0.4999245 -0.4999245 0.4999245 0.4999245 2.4996225 2.4994715 0.27496375
-0.4999245 0.4999245 -0.4999245 -0.4999245 -2.4996225 7.5005285 0.27496375
}

022006a {; Anthony Hanmer 18/1/2007, Designed with BRAZIL
-0.5000000 0.0000000 0.0000000 0.5000000 -3.0000000 5.5000000 0.1500242
-0.5000000 0.5000000 -0.5000000 0.0000000 -2.5000000 2.0000000 0.1500242
0.5000000 0.0000000 -0.5000000 -0.5000000 3.0000000 7.5000000 0.1500242
0.4999245 -0.4999245 0.4999245 0.4999245 2.4996225 2.4994715 0.27496375
-0.4999245 0.4999245 -0.4999245 -0.4999245 -2.4996225 7.5005285 0.27496375
}

022007a {; Anthony Hanmer 18/1/2007, Designed with BRAZIL
-0.5000000 0.0000000 0.0000000 0.5000000 -3.0000000 5.5000000 0.1500242
-0.5000000 0.5000000 -0.5000000 0.0000000 -2.5000000 2.0000000 0.1500242
0.5000000 -0.5000000 -0.5000000 0.0000000 2.5000000 8.0000000 0.1500242
0.4999245 -0.4999245 0.4999245 0.4999245 2.4996225 2.4994715 0.27496375
-0.4999245 0.4999245 -0.4999245 -0.4999245 -2.4996225 7.5005285 0.27496375
}

022008a {; Anthony Hanmer 18/1/2007, Designed with BRAZIL
-0.5000000 0.0000000 0.0000000 0.5000000 -3.0000000 5.5000000 0.1500242
-0.5000000 0.5000000 -0.5000000 0.0000000 -2.5000000 2.0000000 0.1500242
0.5000000 -0.5000000 -0.5000000 0.0000000 2.5000000 2.0000000 0.1500242
0.4999245 -0.4999245 0.4999245 0.4999245 2.4996225 2.4994715 0.27496375
-0.4999245 0.4999245 -0.4999245 -0.4999245 -2.4996225 7.5005285 0.27496375
}

022009a {; Anthony Hanmer 18/1/2007, Designed with BRAZIL
-0.5000000 0.0000000 0.0000000 0.5000000 -3.0000000 5.5000000 0.1500242
-0.5000000 0.5000000 -0.5000000 0.0000000 -2.5000000 2.0000000 0.1500242
-0.5000000 -0.5000000 0.0000000 -0.5000000 2.5000000 4.5000000 0.1500242
0.4999245 -0.4999245 0.4999245 0.4999245 2.4996225 2.4994715 0.27496375
-0.4999245 0.4999245 -0.4999245 -0.4999245 -2.4996225 7.5005285 0.27496375
}

022010a {; Anthony Hanmer 18/1/2007, Designed with BRAZIL
-0.5000000 0.0000000 0.0000000 0.5000000 -3.0000000 5.5000000 0.1500242
-0.5000000 0.5000000 -0.5000000 0.0000000 -2.5000000 2.0000000 0.1500242
-0.5000000 -0.5000000 0.0000000 -0.5000000 2.5000000 10.5000000 0.1500242
0.4999245 -0.4999245 0.4999245 0.4999245 2.4996225 2.4994715 0.27496375
-0.4999245 0.4999245 -0.4999245 -0.4999245 -2.4996225 7.5005285 0.27496375
}

022011a {; Anthony Hanmer 18/1/2007, Designed with BRAZIL
-0.5000000 0.0000000 0.0000000 0.5000000 -3.0000000 5.5000000 0.1500242
-0.5000000 0.5000000 -0.5000000 0.0000000 -2.5000000 2.0000000 0.1500242
-0.5000000 0.5000000 0.0000000 0.5000000 -2.5000000 5.5000000 0.1500242
0.4999245 -0.4999245 0.4999245 0.4999245 2.4996225 2.4994715 0.27496375
-0.4999245 0.4999245 -0.4999245 -0.4999245 -2.4996225 7.5005285 0.27496375
}

022012a {; Anthony Hanmer 18/1/2007, Designed with BRAZIL
-0.5000000 0.0000000 0.0000000 0.5000000 -3.0000000 5.5000000 0.1500242
-0.5000000 0.5000000 -0.5000000 0.0000000 -2.5000000 2.0000000 0.1500242
-0.5000000 0.5000000 0.0000000 0.5000000 -2.5000000 -0.5000000 0.1500242
0.4999245 -0.4999245 0.4999245 0.4999245 2.4996225 2.4994715 0.27496375
-0.4999245 0.4999245 -0.4999245 -0.4999245 -2.4996225 7.5005285 0.27496375
}

022013a {; Anthony Hanmer 18/1/2007, Designed with BRAZIL
-0.5000000 0.0000000 0.0000000 0.5000000 -3.0000000 5.5000000 0.1500242
-0.5000000 0.5000000 -0.5000000 0.0000000 -2.5000000 2.0000000 0.1500242
0.5000000 0.5000000 0.0000000 0.5000000 -2.5000000 -0.5000000 0.1500242
0.4999245 -0.4999245 0.4999245 0.4999245 2.4996225 2.4994715 0.27496375
-0.4999245 0.4999245 -0.4999245 -0.4999245 -2.4996225 7.5005285 0.27496375
}

022014a {; Anthony Hanmer 18/1/2007, Designed with BRAZIL
-0.5000000 0.0000000 0.0000000 0.5000000 -3.0000000 5.5000000 0.1500242
-0.5000000 0.5000000 -0.5000000 0.0000000 -2.5000000 2.0000000 0.1500242
0.5000000 0.5000000 0.0000000 0.5000000 -2.5000000 5.5000000 0.1500242
0.4999245 -0.4999245 0.4999245 0.4999245 2.4996225 2.4994715 0.27496375
-0.4999245 0.4999245 -0.4999245 -0.4999245 -2.4996225 7.5005285 0.27496375
}

022015a {; Anthony Hanmer 18/1/2007, Designed with BRAZIL
-0.5000000 0.0000000 0.0000000 0.5000000 -3.0000000 5.5000000 0.1500242
-0.5000000 0.5000000 -0.5000000 0.0000000 -2.5000000 2.0000000 0.1500242
0.0000000 -0.5000000 -0.5000000 0.5000000 -0.5000000 2.5000000 0.1500242
0.4999245 -0.4999245 0.4999245 0.4999245 2.4996225 2.4994715 0.27496375
-0.4999245 0.4999245 -0.4999245 -0.4999245 -2.4996225 7.5005285 0.27496375
}

022016a {; Anthony Hanmer 18/1/2007, Designed with BRAZIL
-0.5000000 0.0000000 0.0000000 0.5000000 -3.0000000 5.5000000 0.1500242
-0.5000000 0.5000000 -0.5000000 0.0000000 -2.5000000 2.0000000 0.1500242
0.0000000 -0.5000000 -0.5000000 0.5000000 5.5000000 2.5000000 0.1500242
0.4999245 -0.4999245 0.4999245 0.4999245 2.4996225 2.4994715 0.27496375
-0.4999245 0.4999245 -0.4999245 -0.4999245 -2.4996225 7.5005285 0.27496375
}

022017a {; Anthony Hanmer 18/1/2007, Designed with BRAZIL
-0.5000000 0.0000000 0.0000000 0.5000000 -3.0000000 5.5000000 0.1500242
-0.5000000 0.5000000 -0.5000000 0.0000000 -2.5000000 2.0000000 0.1500242
0.0000000 -0.5000000 0.5000000 0.5000000 5.5000000 2.5000000 0.1500242
0.4999245 -0.4999245 0.4999245 0.4999245 2.4996225 2.4994715 0.27496375
-0.4999245 0.4999245 -0.4999245 -0.4999245 -2.4996225 7.5005285 0.27496375
}

022018a {; Anthony Hanmer 18/1/2007, Designed with BRAZIL
-0.5000000 0.0000000 0.0000000 0.5000000 -3.0000000 5.5000000 0.1500242
-0.5000000 0.5000000 -0.5000000 0.0000000 -2.5000000 2.0000000 0.1500242
0.0000000 -0.5000000 0.5000000 0.5000000 -0.5000000 2.5000000 0.1500242
0.4999245 -0.4999245 0.4999245 0.4999245 2.4996225 2.4994715 0.27496375
-0.4999245 0.4999245 -0.4999245 -0.4999245 -2.4996225 7.5005285 0.27496375
}

022019a {; Anthony Hanmer 18/1/2007, Designed with BRAZIL
-0.5000000 0.0000000 0.0000000 0.5000000 -3.0000000 5.5000000 0.1500242
-0.5000000 0.5000000 -0.5000000 0.0000000 -2.5000000 2.0000000 0.1500242
0.0000000 0.5000000 0.5000000 -0.5000000 0.5000000 7.5000000 0.1500242
0.4999245 -0.4999245 0.4999245 0.4999245 2.4996225 2.4994715 0.27496375
-0.4999245 0.4999245 -0.4999245 -0.4999245 -2.4996225 7.5005285 0.27496375
}

022020a {; Anthony Hanmer 18/1/2007, Designed with BRAZIL
-0.5000000 0.0000000 0.0000000 0.5000000 -3.0000000 5.5000000 0.1500242
-0.5000000 0.5000000 -0.5000000 0.0000000 -2.5000000 2.0000000 0.1500242
0.0000000 0.5000000 0.5000000 -0.5000000 -5.5000000 7.5000000 0.1500242
0.4999245 -0.4999245 0.4999245 0.4999245 2.4996225 2.4994715 0.27496375
-0.4999245 0.4999245 -0.4999245 -0.4999245 -2.4996225 7.5005285 0.27496375
}

022021a {; Anthony Hanmer 18/1/2007, Designed with BRAZIL
-0.5000000 0.0000000 0.0000000 0.5000000 -3.0000000 5.5000000 0.1500242
-0.5000000 0.5000000 -0.5000000 0.0000000 -2.5000000 2.0000000 0.1500242
0.0000000 0.5000000 -0.5000000 -0.5000000 -5.5000000 7.5000000 0.1500242
0.4999245 -0.4999245 0.4999245 0.4999245 2.4996225 2.4994715 0.27496375
-0.4999245 0.4999245 -0.4999245 -0.4999245 -2.4996225 7.5005285 0.27496375
}

022022a {; Anthony Hanmer 18/1/2007, Designed with BRAZIL
-0.5000000 0.0000000 0.0000000 0.5000000 -3.0000000 5.5000000 0.1500242
-0.5000000 0.5000000 -0.5000000 0.0000000 -2.5000000 2.0000000 0.1500242
0.0000000 0.5000000 -0.5000000 -0.5000000 0.5000000 7.5000000 0.1500242
0.4999245 -0.4999245 0.4999245 0.4999245 2.4996225 2.4994715 0.27496375
-0.4999245 0.4999245 -0.4999245 -0.4999245 -2.4996225 7.5005285 0.27496375
}

022023a {; Anthony Hanmer 18/1/2007, Designed with BRAZIL
-0.5000000 0.0000000 0.0000000 0.5000000 -3.0000000 5.5000000 0.1500242
-0.5000000 0.5000000 -0.5000000 0.0000000 -2.5000000 2.0000000 0.1500242
-0.5000000 0.5000000 0.0000000 0.5000000 -2.5000000 5.5000000 0.1500242
0.4999245 -0.4999245 0.4999245 0.4999245 2.4996225 2.4994715 0.27496375
-0.4999245 0.4999245 -0.4999245 -0.4999245 -2.4996225 7.5005285 0.27496375
}

022024a {; Anthony Hanmer 18/1/2007, Designed with BRAZIL
-0.5000000 0.0000000 0.0000000 0.5000000 -3.0000000 5.5000000 0.1500242
-0.5000000 0.5000000 -0.5000000 0.0000000 -2.5000000 2.0000000 0.1500242
-0.5000000 -0.5000000 0.5000000 0.0000000 2.5000000 8.0000000 0.1500242
0.4999245 -0.4999245 0.4999245 0.4999245 2.4996225 2.4994715 0.27496375
-0.4999245 0.4999245 -0.4999245 -0.4999245 -2.4996225 7.5005285 0.27496375
}

022025a {; Anthony Hanmer 18/1/2007, Designed with BRAZIL
-0.5000000 0.0000000 0.0000000 0.5000000 -3.0000000 5.5000000 0.1500242
-0.5000000 0.5000000 -0.5000000 0.0000000 -2.5000000 2.0000000 0.1500242
-0.5000000 -0.5000000 0.5000000 0.0000000 2.5000000 2.0000000 0.1500242
0.4999245 -0.4999245 0.4999245 0.4999245 2.4996225 2.4994715 0.27496375
-0.4999245 0.4999245 -0.4999245 -0.4999245 -2.4996225 7.5005285 0.27496375
}

022026a {; Anthony Hanmer 18/1/2007, Designed with BRAZIL
-0.5000000 0.0000000 0.0000000 0.5000000 -3.0000000 5.5000000 0.1500242
-0.5000000 0.5000000 -0.5000000 0.0000000 -2.5000000 2.0000000 0.1500242
-0.6728164 0.0064108 0.0000000 0.3715724 -1.9304874 -0.6284276 0.1500242
0.4999245 -0.4999245 0.4999245 0.4999245 2.4996225 2.4994715 0.27496375
-0.4999245 0.4999245 -0.4999245 -0.4999245 -2.4996225 7.5005285 0.27496375
}

022027a {; Anthony Hanmer 18/1/2007, Designed with BRAZIL
-0.5000000 0.0000000 0.0000000 0.5000000 -3.0000000 5.5000000 0.1500242
-0.5000000 0.5000000 -0.5000000 0.0000000 -2.5000000 2.0000000 0.1500242
0.5000000 -0.5000000 -0.5000000 0.0000000 2.5000000 8.0000000 0.1500242
0.4999245 -0.4999245 0.4999245 0.4999245 2.4996225 2.4994715 0.27496375
-0.4999245 0.4999245 -0.4999245 -0.4999245 -2.4996225 7.5005285 0.27496375
}

022028a {; Anthony Hanmer 18/1/2007, Designed with BRAZIL
-0.5000000 0.0000000 0.0000000 0.5000000 -3.0000000 5.5000000 0.1500242
-0.5000000 0.5000000 -0.5000000 0.0000000 -2.5000000 2.0000000 0.1500242
0.5000000 0.5000000 -0.5000000 0.0000000 -2.5000000 8.0000000 0.1500242
0.4999245 -0.4999245 0.4999245 0.4999245 2.4996225 2.4994715 0.27496375
-0.4999245 0.4999245 -0.4999245 -0.4999245 -2.4996225 7.5005285 0.27496375
}

022029a {; Anthony Hanmer 18/1/2007, Designed with BRAZIL
-0.5000000 0.0000000 0.0000000 0.5000000 -3.0000000 5.5000000 0.1500242
-0.5000000 0.5000000 -0.5000000 0.0000000 -2.5000000 2.0000000 0.1500242
0.5000000 0.5000000 -0.5000000 0.0000000 -2.5000000 2.0000000 0.1500242
0.4999245 -0.4999245 0.4999245 0.4999245 2.4996225 2.4994715 0.27496375
-0.4999245 0.4999245 -0.4999245 -0.4999245 -2.4996225 7.5005285 0.27496375
}

022030a {; Anthony Hanmer 18/1/2007, Designed with BRAZIL
-0.5000000 0.0000000 0.0000000 0.5000000 -3.0000000 5.5000000 0.1500242
-0.5000000 0.5000000 -0.5000000 0.0000000 -2.5000000 2.0000000 0.1500242
-0.5000000 0.5000000 0.5000000 0.0000000 -2.5000000 8.0000000 0.1500242
0.4999245 -0.4999245 0.4999245 0.4999245 2.4996225 2.4994715 0.27496375
-0.4999245 0.4999245 -0.4999245 -0.4999245 -2.4996225 7.5005285 0.27496375
}

022031a {; Anthony Hanmer 18/1/2007, Designed with BRAZIL
-0.5000000 0.0000000 0.0000000 0.5000000 -3.0000000 5.5000000 0.1500242
-0.5000000 0.5000000 -0.5000000 0.0000000 -2.5000000 2.0000000 0.1500242
-0.5000000 0.5000000 0.5000000 0.0000000 -2.5000000 2.0000000 0.1500242
0.4999245 -0.4999245 0.4999245 0.4999245 2.4996225 2.4994715 0.27496375
-0.4999245 0.4999245 -0.4999245 -0.4999245 -2.4996225 7.5005285 0.27496375
}

022032a {; Anthony Hanmer 18/1/2007, Designed with BRAZIL
-0.5000000 0.0000000 0.0000000 0.5000000 -3.0000000 5.5000000 0.1500242
-0.5000000 0.5000000 -0.5000000 0.0000000 -2.5000000 2.0000000 0.1500242
-0.5000000 0.0000000 -0.5000000 -0.5000000 3.0000000 7.5000000 0.1500242
0.4999245 -0.4999245 0.4999245 0.4999245 2.4996225 2.4994715 0.27496375
-0.4999245 0.4999245 -0.4999245 -0.4999245 -2.4996225 7.5005285 0.27496375
}

022033a {; Anthony Hanmer 18/1/2007, Designed with BRAZIL
-0.5000000 0.0000000 0.0000000 0.5000000 -3.0000000 5.5000000 0.1500242
-0.5000000 0.5000000 -0.5000000 0.0000000 -2.5000000 2.0000000 0.1500242
-0.5000000 0.0000000 -0.5000000 -0.5000000 -3.0000000 7.5000000 0.1500242
0.4999245 -0.4999245 0.4999245 0.4999245 2.4996225 2.4994715 0.27496375
-0.4999245 0.4999245 -0.4999245 -0.4999245 -2.4996225 7.5005285 0.27496375
}

022034a {; Anthony Hanmer 18/1/2007, Designed with BRAZIL
-0.5000000 0.0000000 0.0000000 0.5000000 -3.0000000 5.5000000 0.1500242
-0.5000000 0.5000000 -0.5000000 0.0000000 -2.5000000 2.0000000 0.1500242
0.5000000 0.0000000 0.5000000 -0.5000000 3.0000000 7.5000000 0.1500242
0.4999245 -0.4999245 0.4999245 0.4999245 2.4996225 2.4994715 0.27496375
-0.4999245 0.4999245 -0.4999245 -0.4999245 -2.4996225 7.5005285 0.27496375
}

022035a {; Anthony Hanmer 18/1/2007, Designed with BRAZIL
-0.5000000 0.0000000 0.0000000 0.5000000 -3.0000000 5.5000000 0.1500242
-0.5000000 0.5000000 -0.5000000 0.0000000 -2.5000000 2.0000000 0.1500242
0.5000000 0.0000000 0.5000000 -0.5000000 -3.0000000 7.5000000 0.1500242
0.4999245 -0.4999245 0.4999245 0.4999245 2.4996225 2.4994715 0.27496375
-0.4999245 0.4999245 -0.4999245 -0.4999245 -2.4996225 7.5005285 0.27496375
}

022036a {; Anthony Hanmer 18/1/2007, Designed with BRAZIL
-0.5000000 0.0000000 0.0000000 0.5000000 -3.0000000 5.5000000 0.1500242
-0.5000000 0.5000000 -0.5000000 0.0000000 -2.5000000 2.0000000 0.1500242
0.5000000 0.0000000 0.5000000 0.5000000 -3.0000000 2.5000000 0.1500242
0.4999245 -0.4999245 0.4999245 0.4999245 2.4996225 2.4994715 0.27496375
-0.4999245 0.4999245 -0.4999245 -0.4999245 -2.4996225 7.5005285 0.27496375
}

022037a {; Anthony Hanmer 18/1/2007, Designed with BRAZIL
-0.5000000 0.0000000 0.0000000 0.5000000 -3.0000000 5.5000000 0.1500242
-0.5000000 0.5000000 -0.5000000 0.0000000 -2.5000000 2.0000000 0.1500242
0.5000000 0.0000000 0.5000000 0.5000000 3.0000000 2.5000000 0.1500242
0.4999245 -0.4999245 0.4999245 0.4999245 2.4996225 2.4994715 0.27496375
-0.4999245 0.4999245 -0.4999245 -0.4999245 -2.4996225 7.5005285 0.27496375
}

022038a {; Anthony Hanmer 18/1/2007, Designed with BRAZIL
-0.5000000 0.0000000 0.0000000 0.5000000 -3.0000000 5.5000000 0.1500242
-0.5000000 0.5000000 -0.5000000 0.0000000 -2.5000000 2.0000000 0.1500242
-0.5000000 0.0000000 -0.5000000 0.5000000 -3.0000000 2.5000000 0.1500242
0.4999245 -0.4999245 0.4999245 0.4999245 2.4996225 2.4994715 0.27496375
-0.4999245 0.4999245 -0.4999245 -0.4999245 -2.4996225 7.5005285 0.27496375
}

022039a {; Anthony Hanmer 18/1/2007, Designed with BRAZIL
-0.5000000 0.0000000 0.0000000 0.5000000 -3.0000000 5.5000000 0.1500242
-0.5000000 0.5000000 -0.5000000 0.0000000 -2.5000000 2.0000000 0.1500242
-0.5000000 0.0000000 -0.5000000 0.5000000 3.0000000 2.5000000 0.1500242
0.4999245 -0.4999245 0.4999245 0.4999245 2.4996225 2.4994715 0.27496375
-0.4999245 0.4999245 -0.4999245 -0.4999245 -2.4996225 7.5005285 0.27496375
}

022040a {; Anthony Hanmer 18/1/2007, Designed with BRAZIL
-0.5000000 0.0000000 0.0000000 0.5000000 -3.0000000 5.5000000 0.1500242
-0.5000000 0.5000000 -0.5000000 0.0000000 -2.5000000 2.0000000 0.1500242
0.0000000 0.3715724 -0.6728164 0.0082518 -5.6284276 3.0353536 0.1500242
0.4999245 -0.4999245 0.4999245 0.4999245 2.4996225 2.4994715 0.27496375
-0.4999245 0.4999245 -0.4999245 -0.4999245 -2.4996225 7.5005285 0.27496375
}

022041a {; Anthony Hanmer 18/1/2007, Designed with BRAZIL
-0.5000000 0.0000000 0.0000000 0.5000000 -3.0000000 5.5000000 0.1500242
-0.5000000 0.5000000 -0.5000000 0.0000000 -2.5000000 2.0000000 0.1500242
-0.5000000 0.0000000 0.5000000 -0.5000000 -3.0000000 7.5000000 0.1500242
0.4999245 -0.4999245 0.4999245 0.4999245 2.4996225 2.4994715 0.27496375
-0.4999245 0.4999245 -0.4999245 -0.4999245 -2.4996225 7.5005285 0.27496375
}

022042a {; Anthony Hanmer 18/1/2007, Designed with BRAZIL
-0.5000000 0.0000000 0.0000000 0.5000000 -3.0000000 5.5000000 0.1500242
-0.5000000 0.5000000 -0.5000000 0.0000000 -2.5000000 2.0000000 0.1500242
-0.5000000 0.0000000 0.5000000 -0.5000000 3.0000000 7.5000000 0.1500242
0.4999245 -0.4999245 0.4999245 0.4999245 2.4996225 2.4994715 0.27496375
-0.4999245 0.4999245 -0.4999245 -0.4999245 -2.4996225 7.5005285 0.27496375
}

022043a {; Anthony Hanmer 18/1/2007, Designed with BRAZIL
-0.5000000 0.0000000 0.0000000 0.5000000 -3.0000000 5.5000000 0.1500242
-0.5000000 0.5000000 -0.5000000 0.0000000 -2.5000000 2.0000000 0.1500242
0.5000000 0.0000000 -0.5000000 -0.5000000 3.0000000 7.5000000 0.1500242
0.4999245 -0.4999245 0.4999245 0.4999245 2.4996225 2.4994715 0.27496375
-0.4999245 0.4999245 -0.4999245 -0.4999245 -2.4996225 7.5005285 0.27496375
}

022044a {; Anthony Hanmer 18/1/2007, Designed with BRAZIL
-0.5000000 0.0000000 0.0000000 0.5000000 -3.0000000 5.5000000 0.1500242
-0.5000000 0.5000000 -0.5000000 0.0000000 -2.5000000 2.0000000 0.1500242
0.5000000 0.0000000 -0.5000000 0.5000000 -3.0000000 2.5000000 0.1500242
0.4999245 -0.4999245 0.4999245 0.4999245 2.4996225 2.4994715 0.27496375
-0.4999245 0.4999245 -0.4999245 -0.4999245 -2.4996225 7.5005285 0.27496375
}

022045a {; Anthony Hanmer 18/1/2007, Designed with BRAZIL
-0.5000000 0.0000000 0.0000000 0.5000000 -3.0000000 5.5000000 0.1500242
-0.5000000 0.5000000 -0.5000000 0.0000000 -2.5000000 2.0000000 0.1500242
0.5000000 0.0000000 -0.5000000 0.5000000 3.0000000 2.5000000 0.1500242
0.4999245 -0.4999245 0.4999245 0.4999245 2.4996225 2.4994715 0.27496375
-0.4999245 0.4999245 -0.4999245 -0.4999245 -2.4996225 7.5005285 0.27496375
}

022046a {; Anthony Hanmer 18/1/2007, Designed with BRAZIL
-0.5000000 0.0000000 0.0000000 0.5000000 -3.0000000 5.5000000 0.1500242
-0.5000000 0.5000000 -0.5000000 0.0000000 -2.5000000 2.0000000 0.1500242
-0.5000000 0.0000000 0.5000000 0.5000000 -3.0000000 2.5000000 0.1500242
0.4999245 -0.4999245 0.4999245 0.4999245 2.4996225 2.4994715 0.27496375
-0.4999245 0.4999245 -0.4999245 -0.4999245 -2.4996225 7.5005285 0.27496375
}

022047a {; Anthony Hanmer 18/1/2007, Designed with BRAZIL
-0.5000000 0.0000000 0.0000000 0.5000000 -3.0000000 5.5000000 0.1500242
-0.5000000 0.5000000 -0.5000000 0.0000000 -2.5000000 2.0000000 0.1500242
-0.5000000 0.0000000 0.5000000 0.5000000 3.0000000 2.5000000 0.1500242
0.4999245 -0.4999245 0.4999245 0.4999245 2.4996225 2.4994715 0.27496375
-0.4999245 0.4999245 -0.4999245 -0.4999245 -2.4996225 7.5005285 0.27496375
}

022048a {; Anthony Hanmer 18/1/2007, Designed with BRAZIL
-0.5000000 0.0000000 0.0000000 0.5000000 -3.0000000 5.5000000 0.1500242
-0.5000000 0.5000000 -0.5000000 0.0000000 -2.5000000 2.0000000 0.1500242
-0.5000000 -0.5000000 -0.5000000 0.0000000 2.5000000 2.0000000 0.1500242
0.4999245 -0.4999245 0.4999245 0.4999245 2.4996225 2.4994715 0.27496375
-0.4999245 0.4999245 -0.4999245 -0.4999245 -2.4996225 7.5005285 0.27496375
}

022049a {; Anthony Hanmer 18/1/2007, Designed with BRAZIL
-0.5000000 0.0000000 0.0000000 0.5000000 -3.0000000 5.5000000 0.1500242
-0.5000000 0.5000000 -0.5000000 0.0000000 -2.5000000 2.0000000 0.1500242
-0.5000000 0.5000000 -0.5000000 0.0000000 -2.5000000 2.0000000 0.1500242
0.4999245 -0.4999245 0.4999245 0.4999245 2.4996225 2.4994715 0.27496375
-0.4999245 0.4999245 -0.4999245 -0.4999245 -2.4996225 7.5005285 0.27496375
}

022050a {; Anthony Hanmer 18/1/2007, Designed with BRAZIL
-0.5000000 0.0000000 0.0000000 0.5000000 -3.0000000 5.5000000 0.1500242
-0.5000000 0.5000000 -0.5000000 0.0000000 -2.5000000 2.0000000 0.1500242
0.5000000 0.5000000 0.5000000 0.0000000 -2.5000000 8.0000000 0.1500242
0.4999245 -0.4999245 0.4999245 0.4999245 2.4996225 2.4994715 0.27496375
-0.4999245 0.4999245 -0.4999245 -0.4999245 -2.4996225 7.5005285 0.27496375
}

022051a {; Anthony Hanmer 18/1/2007, Designed with BRAZIL
-0.5000000 0.0000000 0.0000000 0.5000000 -3.0000000 5.5000000 0.1500242
-0.5000000 0.5000000 -0.5000000 0.0000000 -2.5000000 2.0000000 0.1500242
0.5000000 -0.5000000 0.5000000 0.0000000 2.5000000 2.0000000 0.1500242
0.4999245 -0.4999245 0.4999245 0.4999245 2.4996225 2.4994715 0.27496375
-0.4999245 0.4999245 -0.4999245 -0.4999245 -2.4996225 7.5005285 0.27496375
}

022052a {; Anthony Hanmer 18/1/2007, Designed with BRAZIL
-0.5000000 0.0000000 0.0000000 0.5000000 -3.0000000 5.5000000 0.1500242
-0.5000000 0.5000000 -0.5000000 0.0000000 -2.5000000 2.0000000 0.1500242
-0.5000000 0.0000000 0.0000000 -0.5000000 -3.0000000 4.5000000 0.1500242
0.4999245 -0.4999245 0.4999245 0.4999245 2.4996225 2.4994715 0.27496375
-0.4999245 0.4999245 -0.4999245 -0.4999245 -2.4996225 7.5005285 0.27496375
}

022053a {; Anthony Hanmer 18/1/2007, Designed with BRAZIL
-0.5000000 0.0000000 0.0000000 0.5000000 -3.0000000 5.5000000 0.1500242
-0.5000000 0.5000000 -0.5000000 0.0000000 -2.5000000 2.0000000 0.1500242
-0.5000000 0.0000000 0.0000000 -0.5000000 3.0000000 4.5000000 0.1500242
0.4999245 -0.4999245 0.4999245 0.4999245 2.4996225 2.4994715 0.27496375
-0.4999245 0.4999245 -0.4999245 -0.4999245 -2.4996225 7.5005285 0.27496375
}

022054a {; Anthony Hanmer 18/1/2007, Designed with BRAZIL
-0.5000000 0.0000000 0.0000000 0.5000000 -3.0000000 5.5000000 0.1500242
-0.5000000 0.5000000 -0.5000000 0.0000000 -2.5000000 2.0000000 0.1500242
-0.5000000 0.0000000 0.0000000 -0.5000000 3.0000000 10.5000000 0.1500242
0.4999245 -0.4999245 0.4999245 0.4999245 2.4996225 2.4994715 0.27496375
-0.4999245 0.4999245 -0.4999245 -0.4999245 -2.4996225 7.5005285 0.27496375
}

022055a {; Anthony Hanmer 18/1/2007, Designed with BRAZIL
-0.5000000 0.0000000 0.0000000 0.5000000 -3.0000000 5.5000000 0.1500242
-0.5000000 0.5000000 -0.5000000 0.0000000 -2.5000000 2.0000000 0.1500242
-0.5000000 0.0000000 0.0000000 -0.5000000 -3.0000000 10.5000000 0.1500242
0.4999245 -0.4999245 0.4999245 0.4999245 2.4996225 2.4994715 0.27496375
-0.4999245 0.4999245 -0.4999245 -0.4999245 -2.4996225 7.5005285 0.27496375
}

022056a {; Anthony Hanmer 18/1/2007, Designed with BRAZIL
-0.5000000 0.0000000 0.0000000 0.5000000 -3.0000000 5.5000000 0.1500242
-0.5000000 0.5000000 -0.5000000 0.0000000 -2.5000000 2.0000000 0.1500242
0.5000000 0.0000000 0.0000000 -0.5000000 3.0000000 10.5000000 0.1500242
0.4999245 -0.4999245 0.4999245 0.4999245 2.4996225 2.4994715 0.27496375
-0.4999245 0.4999245 -0.4999245 -0.4999245 -2.4996225 7.5005285 0.27496375
}

022057a {; Anthony Hanmer 18/1/2007, Designed with BRAZIL
-0.5000000 0.0000000 0.0000000 0.5000000 -3.0000000 5.5000000 0.1500242
-0.5000000 0.5000000 -0.5000000 0.0000000 -2.5000000 2.0000000 0.1500242
0.5000000 0.0000000 0.0000000 -0.5000000 3.0000000 4.5000000 0.1500242
0.4999245 -0.4999245 0.4999245 0.4999245 2.4996225 2.4994715 0.27496375
-0.4999245 0.4999245 -0.4999245 -0.4999245 -2.4996225 7.5005285 0.27496375
}

022058a {; Anthony Hanmer 18/1/2007, Designed with BRAZIL
-0.5000000 0.0000000 0.0000000 0.5000000 -3.0000000 5.5000000 0.1500242
-0.5000000 0.5000000 -0.5000000 0.0000000 -2.5000000 2.0000000 0.1500242
0.5000000 0.0000000 0.0000000 -0.5000000 -3.0000000 4.5000000 0.1500242
0.4999245 -0.4999245 0.4999245 0.4999245 2.4996225 2.4994715 0.27496375
-0.4999245 0.4999245 -0.4999245 -0.4999245 -2.4996225 7.5005285 0.27496375
}

022059a {; Anthony Hanmer 18/1/2007, Designed with BRAZIL
-0.5000000 0.0000000 0.0000000 0.5000000 -3.0000000 5.5000000 0.1500242
-0.5000000 0.5000000 -0.5000000 0.0000000 -2.5000000 2.0000000 0.1500242
0.5000000 0.0000000 0.0000000 -0.5000000 -3.0000000 10.5000000 0.1500242
0.4999245 -0.4999245 0.4999245 0.4999245 2.4996225 2.4994715 0.27496375
-0.4999245 0.4999245 -0.4999245 -0.4999245 -2.4996225 7.5005285 0.27496375
}

022060a {; Anthony Hanmer 18/1/2007, Designed with BRAZIL
-0.5000000 0.0000000 0.0000000 0.5000000 -3.0000000 5.5000000 0.1500242
-0.5000000 0.5000000 -0.5000000 0.0000000 -2.5000000 2.0000000 0.1500242
-0.5000000 0.0000000 0.0000000 0.5000000 -3.0000000 5.5000000 0.1500242
0.4999245 -0.4999245 0.4999245 0.4999245 2.4996225 2.4994715 0.27496375
-0.4999245 0.4999245 -0.4999245 -0.4999245 -2.4996225 7.5005285 0.27496375
}

022061a {; Anthony Hanmer 18/1/2007, Designed with BRAZIL
-0.5000000 0.0000000 0.0000000 0.5000000 -3.0000000 5.5000000 0.1500242
-0.5000000 0.5000000 -0.5000000 0.0000000 -2.5000000 2.0000000 0.1500242
-0.5000000 0.0000000 0.0000000 0.5000000 3.0000000 5.5000000 0.1500242
0.4999245 -0.4999245 0.4999245 0.4999245 2.4996225 2.4994715 0.27496375
-0.4999245 0.4999245 -0.4999245 -0.4999245 -2.4996225 7.5005285 0.27496375
}

022062a {; Anthony Hanmer 18/1/2007, Designed with BRAZIL
-0.5000000 0.0000000 0.0000000 0.5000000 -3.0000000 5.5000000 0.1500242
-0.5000000 0.5000000 -0.5000000 0.0000000 -2.5000000 2.0000000 0.1500242
-0.5000000 0.0000000 0.0000000 0.5000000 3.0000000 -0.5000000 0.1500242
0.4999245 -0.4999245 0.4999245 0.4999245 2.4996225 2.4994715 0.27496375
-0.4999245 0.4999245 -0.4999245 -0.4999245 -2.4996225 7.5005285 0.27496375
}

022063a {; Anthony Hanmer 18/1/2007, Designed with BRAZIL
-0.5000000 0.0000000 0.0000000 0.5000000 -3.0000000 5.5000000 0.1500242
-0.5000000 0.5000000 -0.5000000 0.0000000 -2.5000000 2.0000000 0.1500242
-0.5000000 0.0000000 0.0000000 0.5000000 -3.0000000 -0.5000000 0.1500242
0.4999245 -0.4999245 0.4999245 0.4999245 2.4996225 2.4994715 0.27496375
-0.4999245 0.4999245 -0.4999245 -0.4999245 -2.4996225 7.5005285 0.27496375
}

022064a {; Anthony Hanmer 18/1/2007, Designed with BRAZIL
-0.5000000 0.0000000 0.0000000 0.5000000 -3.0000000 5.5000000 0.1500242
-0.5000000 0.5000000 -0.5000000 0.0000000 -2.5000000 2.0000000 0.1500242
0.5000000 0.0000000 0.0000000 0.5000000 3.0000000 -0.5000000 0.1500242
0.4999245 -0.4999245 0.4999245 0.4999245 2.4996225 2.4994715 0.27496375
-0.4999245 0.4999245 -0.4999245 -0.4999245 -2.4996225 7.5005285 0.27496375
}

022065a {; Anthony Hanmer 18/1/2007, Designed with BRAZIL
-0.5000000 0.0000000 0.0000000 0.5000000 -3.0000000 5.5000000 0.1500242
-0.5000000 0.5000000 -0.5000000 0.0000000 -2.5000000 2.0000000 0.1500242
0.5000000 0.0000000 0.0000000 0.5000000 3.0000000 5.5000000 0.1500242
0.4999245 -0.4999245 0.4999245 0.4999245 2.4996225 2.4994715 0.27496375
-0.4999245 0.4999245 -0.4999245 -0.4999245 -2.4996225 7.5005285 0.27496375
}

022066a {; Anthony Hanmer 18/1/2007, Designed with BRAZIL
-0.5000000 0.0000000 0.0000000 0.5000000 -3.0000000 5.5000000 0.1500242
-0.5000000 0.5000000 -0.5000000 0.0000000 -2.5000000 2.0000000 0.1500242
0.5000000 0.0000000 0.0000000 0.5000000 -3.0000000 5.5000000 0.1500242
0.4999245 -0.4999245 0.4999245 0.4999245 2.4996225 2.4994715 0.27496375
-0.4999245 0.4999245 -0.4999245 -0.4999245 -2.4996225 7.5005285 0.27496375
}

022067a {; Anthony Hanmer 18/1/2007, Designed with BRAZIL
-0.5000000 0.0000000 0.0000000 0.5000000 -3.0000000 5.5000000 0.1500242
-0.5000000 0.5000000 -0.5000000 0.0000000 -2.5000000 2.0000000 0.1500242
0.5000000 0.0000000 0.0000000 0.5000000 -3.0000000 -0.5000000 0.1500242
0.4999245 -0.4999245 0.4999245 0.4999245 2.4996225 2.4994715 0.27496375
-0.4999245 0.4999245 -0.4999245 -0.4999245 -2.4996225 7.5005285 0.27496375
}

022068a {; Anthony Hanmer 18/1/2007, Designed with BRAZIL
-0.5000000 0.0000000 0.0000000 0.5000000 -3.0000000 5.5000000 0.1500242
-0.5000000 0.5000000 -0.5000000 0.0000000 -2.5000000 2.0000000 0.1500242
0.0000000 0.5000000 -0.5000000 0.0000000 -5.5000000 2.0000000 0.1500242
0.4999245 -0.4999245 0.4999245 0.4999245 2.4996225 2.4994715 0.27496375
-0.4999245 0.4999245 -0.4999245 -0.4999245 -2.4996225 7.5005285 0.27496375
}

022069a {; Anthony Hanmer 18/1/2007, Designed with BRAZIL
-0.5000000 0.0000000 0.0000000 0.5000000 -3.0000000 5.5000000 0.1500242
-0.5000000 0.5000000 -0.5000000 0.0000000 -2.5000000 2.0000000 0.1500242
0.0000000 0.5000000 -0.5000000 0.0000000 0.5000000 2.0000000 0.1500242
0.4999245 -0.4999245 0.4999245 0.4999245 2.4996225 2.4994715 0.27496375
-0.4999245 0.4999245 -0.4999245 -0.4999245 -2.4996225 7.5005285 0.27496375
}

022070a {; Anthony Hanmer 18/1/2007, Designed with BRAZIL
-0.5000000 0.0000000 0.0000000 0.5000000 -3.0000000 5.5000000 0.1500242
-0.5000000 0.5000000 -0.5000000 0.0000000 -2.5000000 2.0000000 0.1500242
0.0000000 0.5000000 -0.5000000 0.0000000 0.5000000 8.0000000 0.1500242
0.4999245 -0.4999245 0.4999245 0.4999245 2.4996225 2.4994715 0.27496375
-0.4999245 0.4999245 -0.4999245 -0.4999245 -2.4996225 7.5005285 0.27496375
}

022071a {; Anthony Hanmer 18/1/2007, Designed with BRAZIL
-0.5000000 0.0000000 0.0000000 0.5000000 -3.0000000 5.5000000 0.1500242
-0.5000000 0.5000000 -0.5000000 0.0000000 -2.5000000 2.0000000 0.1500242
0.0000000 0.5000000 -0.5000000 0.0000000 -5.5000000 8.0000000 0.1500242
0.4999245 -0.4999245 0.4999245 0.4999245 2.4996225 2.4994715 0.27496375
-0.4999245 0.4999245 -0.4999245 -0.4999245 -2.4996225 7.5005285 0.27496375
}

022072a {; Anthony Hanmer 18/1/2007, Designed with BRAZIL
-0.5000000 0.0000000 0.0000000 0.5000000 -3.0000000 5.5000000 0.1500242
-0.5000000 0.5000000 -0.5000000 0.0000000 -2.5000000 2.0000000 0.1500242
-0.5000000 0.0000000 0.0000000 0.5000000 -3.0000000 5.5000000 0.1500242
0.4999245 -0.4999245 0.4999245 0.4999245 2.4996225 2.4994715 0.27496375
-0.4999245 0.4999245 -0.4999245 -0.4999245 -2.4996225 7.5005285 0.27496375
}

022073a {; Anthony Hanmer 18/1/2007, Designed with BRAZIL
-0.5000000 0.0000000 0.0000000 0.5000000 -3.0000000 5.5000000 0.1500242
-0.5000000 0.5000000 -0.5000000 0.0000000 -2.5000000 2.0000000 0.1500242
0.0000000 0.5000000 0.5000000 0.0000000 0.5000000 8.0000000 0.1500242
0.4999245 -0.4999245 0.4999245 0.4999245 2.4996225 2.4994715 0.27496375
-0.4999245 0.4999245 -0.4999245 -0.4999245 -2.4996225 7.5005285 0.27496375
}

022074a {; Anthony Hanmer 18/1/2007, Designed with BRAZIL
-0.5000000 0.0000000 0.0000000 0.5000000 -3.0000000 5.5000000 0.1500242
-0.5000000 0.5000000 -0.5000000 0.0000000 -2.5000000 2.0000000 0.1500242
0.0000000 0.5000000 0.5000000 0.0000000 0.5000000 2.0000000 0.1500242
0.4999245 -0.4999245 0.4999245 0.4999245 2.4996225 2.4994715 0.27496375
-0.4999245 0.4999245 -0.4999245 -0.4999245 -2.4996225 7.5005285 0.27496375
}

022075a {; Anthony Hanmer 18/1/2007, Designed with BRAZIL
-0.5000000 0.0000000 0.0000000 0.5000000 -3.0000000 5.5000000 0.1500242
-0.5000000 0.5000000 -0.5000000 0.0000000 -2.5000000 2.0000000 0.1500242
0.0000000 0.5000000 0.5000000 0.0000000 -5.5000000 2.0000000 0.1500242
0.4999245 -0.4999245 0.4999245 0.4999245 2.4996225 2.4994715 0.27496375
-0.4999245 0.4999245 -0.4999245 -0.4999245 -2.4996225 7.5005285 0.27496375
}

022076a {; Anthony Hanmer 18/1/2007, Designed with BRAZIL
-0.5000000 0.0000000 0.0000000 0.5000000 -3.0000000 5.5000000 0.1500242
-0.5000000 0.5000000 -0.5000000 0.0000000 -2.5000000 2.0000000 0.1500242
0.0000000 -0.5000000 0.5000000 0.0000000 -0.5000000 2.0000000 0.1500242
0.4999245 -0.4999245 0.4999245 0.4999245 2.4996225 2.4994715 0.27496375
-0.4999245 0.4999245 -0.4999245 -0.4999245 -2.4996225 7.5005285 0.27496375
}

022077a {; Anthony Hanmer 18/1/2007, Designed with BRAZIL
-0.5000000 0.0000000 0.0000000 0.5000000 -3.0000000 5.5000000 0.1500242
-0.5000000 0.5000000 -0.5000000 0.0000000 -2.5000000 2.0000000 0.1500242
0.0000000 -0.5000000 0.5000000 0.0000000 5.5000000 2.0000000 0.1500242
0.4999245 -0.4999245 0.4999245 0.4999245 2.4996225 2.4994715 0.27496375
-0.4999245 0.4999245 -0.4999245 -0.4999245 -2.4996225 7.5005285 0.27496375
}

022078a {; Anthony Hanmer 18/1/2007, Designed with BRAZIL
-0.5000000 0.0000000 0.0000000 0.5000000 -3.0000000 5.5000000 0.1500242
-0.5000000 0.5000000 -0.5000000 0.0000000 -2.5000000 2.0000000 0.1500242
0.0000000 -0.5000000 0.5000000 0.0000000 5.5000000 8.0000000 0.1500242
0.4999245 -0.4999245 0.4999245 0.4999245 2.4996225 2.4994715 0.27496375
-0.4999245 0.4999245 -0.4999245 -0.4999245 -2.4996225 7.5005285 0.27496375
}

022079a {; Anthony Hanmer 18/1/2007, Designed with BRAZIL
-0.5000000 0.0000000 0.0000000 0.5000000 -3.0000000 5.5000000 0.1500242
-0.5000000 0.5000000 -0.5000000 0.0000000 -2.5000000 2.0000000 0.1500242
0.0000000 -0.5000000 0.5000000 0.0000000 -0.5000000 8.0000000 0.1500242
0.4999245 -0.4999245 0.4999245 0.4999245 2.4996225 2.4994715 0.27496375
-0.4999245 0.4999245 -0.4999245 -0.4999245 -2.4996225 7.5005285 0.27496375
}

022080a {; Anthony Hanmer 18/1/2007, Designed with BRAZIL
-0.5000000 0.0000000 0.0000000 0.5000000 -3.0000000 5.5000000 0.1500242
-0.5000000 0.5000000 -0.5000000 0.0000000 -2.5000000 2.0000000 0.1500242
0.0000000 -0.5000000 -0.5000000 0.0000000 -0.5000000 2.0000000 0.1500242
0.4999245 -0.4999245 0.4999245 0.4999245 2.4996225 2.4994715 0.27496375
-0.4999245 0.4999245 -0.4999245 -0.4999245 -2.4996225 7.5005285 0.27496375
}

022081a {; Anthony Hanmer 18/1/2007, Designed with BRAZIL
-0.5000000 0.0000000 0.0000000 0.5000000 -3.0000000 5.5000000 0.1500242
-0.5000000 0.5000000 -0.5000000 0.0000000 -2.5000000 2.0000000 0.1500242
0.0000000 -0.5000000 -0.5000000 0.0000000 5.5000000 2.0000000 0.1500242
0.4999245 -0.4999245 0.4999245 0.4999245 2.4996225 2.4994715 0.27496375
-0.4999245 0.4999245 -0.4999245 -0.4999245 -2.4996225 7.5005285 0.27496375
}

022082a {; Anthony Hanmer 18/1/2007, Designed with BRAZIL
-0.5000000 0.0000000 0.0000000 0.5000000 -3.0000000 5.5000000 0.1500242
-0.5000000 0.5000000 -0.5000000 0.0000000 -2.5000000 2.0000000 0.1500242
0.0000000 -0.5000000 -0.5000000 0.0000000 5.5000000 8.0000000 0.1500242
0.4999245 -0.4999245 0.4999245 0.4999245 2.4996225 2.4994715 0.27496375
-0.4999245 0.4999245 -0.4999245 -0.4999245 -2.4996225 7.5005285 0.27496375
}

022083a {; Anthony Hanmer 18/1/2007, Designed with BRAZIL
