Seahorse_Valley    { ; 5min on a 486-100mhz, 640x480
  reset=1960 type=formula formulafile=multirot.frm
  formulaname=Multirot-XY-ZW function=flip/ident passes=t
  center-mag=-1.33227e-015/-0.807933/1.825758/1/-100
  params=86/86/0/0/-0.76/0 float=y maxiter=5000
  bailout=25 inside=253 logmap=yes symmetry=xaxis
  periodicity=10
  ranges=0/-1/76/86/96/106/150/250/500/800/1200/1800/5000
  colors=000K00UPcKRF<6>rrmwvmzzz000<238>000UXz000000
  }
