freckle            {
  reset=1920 type=mandel
  center-mag=+0.25000003000163840/-0.00000000000893065/2.62605e+012/0.9999
  params=0/0 float=y maxiter=222222 inside=0
}
